object
2.1266421980819544 -0.3731507611989539
obstacle
1.432728217045973 -0.4375617339920418
1.3938743063929953 -0.2023172188211655
1.2888159037249406 -0.468422149923984
1.153427662104447 -0.3512619744151594
1.232728217045973 -0.4375617339920418
1.1938743063929953 -0.2023172188211655
1.5888159037249406 -0.468422149923984
1.453427662104447 -0.3512619744151594
0.8743838611257941 -0.32290437077328027
0.8906719451966046 -0.45510327462987793
0.9443405903020034 -0.16488110779129733
0.6093509358974474 -0.4725614609669659
0.9731128742677767 -0.22287912170698884
0.7968523011372075 -0.20969437041125734
0.82728217045973 -0.4075617339920418
1.6938743063929953 -0.3523172188211655
1.6888159037249406 -0.468422149923984
1.553427662104447 -0.3512619744151594
1.9743838611257941 -0.32290437077328027
1.9906719451966046 -0.45510327462987793
1.0443405903020034 -0.16488110779129733
1.8093509358974474 -0.4725614609669659
1.6731128742677767 -0.22287912170698884
1.8968523011372075 -0.20969437041125734
1.132728217045973 -0.4375617339920418
1.1938743063929953 -0.3523172188211655
1.1888159037249406 -0.468422149923984
tip_gripper
0.7009273145432613 -0.2999949872279585 1.0601079351155704 -0.49982293991830073 0.49998833859308933 -0.5001678410070468 0.5000208203912102
