s1 PHIS 2 6.680264949798584 4.680942058563232 112.23675465583801 150.13340783119202
s1 PHIM 2 4.556414604187012 4.8849992752075195 35.998146057128906 86.95435619354248
s1 PHIA 2 5.623553514480591 3.0960445404052734 112.23675465583801 5.507469177246094e-05
s2 PHIM 2 5.110198974609375 3.1837899684906006 79.55788159370422 47.50372624397278
s2 PHIS 3 5.675515413284302 3.23236083984375 227.4784688949585 74.27159523963928
s2 PHIA 3 5.021430730819702 3.3633346557617188 8.869171142578125e-05 85.77894735336304
s2 OOA 3 5.705590009689331 3.290419816970825 8.153915405273438e-05 77.92410778999329
s2 GRTC-Heur 6 16.27153253555298 3.4178996086120605 49.79344367980957 71.76219630241394
s3 PHIM 1 4.586780548095703 3.2663984298706055 66.08101487159729 31.84057068824768
s3 PHIS 2 4.586191177368164 3.03104829788208 61.77539658546448 49.752543926239014
s3 PHIS 2 5.516667604446411 3.3969647884368896 61.77539658546448 55.87287521362305
s3 PHIS 2 8.2272469997406 3.373488187789917 61.77539658546448 88.85314130783081
s4 PHIM 1 4.48050594329834 3.0599281787872314 24.039042472839355 44.7605197429657
s4 PHIS 1 4.48050594329834 3.0599281787872314 24.039042472839355 44.7605197429657
s4 PHIA 1 4.545735836029053 3.093477725982666 9.711624145507812 35.43265199661255
s4 OOA 3 4.080312252044678 3.188480854034424 23.09648585319519 91.03170990943909
