object
3.1266421980819544 -0.3731507611989539
obstacle
2.532728217045973 -0.4375617339920418
2.5938743063929953 -0.2023172188211655
2.5888159037249406 -0.468422149923984
2.553427662104447 -0.3512619744151594
0.8743838611257941 -0.32290437077328027
0.8906719451966046 -0.45510327462987793
0.9443405903020034 -0.16488110779129733
0.6093509358974474 -0.4725614609669659
0.9731128742677767 -0.22287912170698884
0.7968523011372075 -0.20969437041125734
0.82728217045973 -0.4075617339920418
1.6938743063929953 -0.3523172188211655
1.6888159037249406 -0.468422149923984
1.553427662104447 -0.3512619744151594
1.9743838611257941 -0.32290437077328027
1.9906719451966046 -0.45510327462987793
1.0443405903020034 -0.16488110779129733
1.8093509358974474 -0.4725614609669659
1.6731128742677767 -0.22287912170698884
1.8968523011372075 -0.20969437041125734
1.132728217045973 -0.4375617339920418
1.1938743063929953 -0.3523172188211655
1.1888159037249406 -0.468422149923984
1.053427662104447 -0.3512619744151594
1.3743838611257941 -0.32290437077328027
1.3906719451966046 -0.45510327462987793
1.4443405903020034 -0.16488110779129733
1.2093509358974474 -0.5725614609669659
2.0731128742677767 -0.22287912170698884
2.2968523011372075 -0.20969437041125734
2.732728217045973 -0.4375617339920418
2.7938743063929953 -0.3523172188211655
2.7888159037249406 -0.168422149923984
2.653427662104447 -0.3512619744151594
2.9743838611257941 -0.32290437077328027
2.9906719451966046 -0.45510327462987793
3.0443405903020034 -0.16488110779129733
2.8093509358974474 -0.4725614609669659
2.9731128742677767 -0.22287912170698884
2.8968523011372075 -0.20969437041125734
