actions
[0.0, -1.0, 0], 0.05757097963989488
[1.0, 0.0, 0], 0.21245370357205073
[0.0, -1.0, 0], 0.04443402036010513
actions
[0.0, 1.0, 0], 0.03543034721571342
[1.0, 0.0, 0], 0.06758469967422209
[0.0, -1.0, 0], 0.04293015194115246
actions
[0.0, 1.0, 0], 0.120658399368132
[1.0, 0.0, 0], 0.30456102517072337
[0.0, -1.0, 0], 0.1296802551060211
actions
[0.0, 1.0, 0], 0.12252417572976321
[1.0, 0.0, 0], 0.35089400844069396
[0.0, -1.0, 0], 0.1307356313365008
actions
[0.0, -1.0, 0], 0.0378455065174928
[1.0, 0.0, 0], 0.2615453233352125
[0.0, 1.0, 0], 0.1391638954526222
actions
[0.0, -1.0, 0], 0.10633290935703715
[1.0, 0.0, 0], 0.1197394050550058
[0.0, 1.0, 0], 0.10975034642957571
