plan: GRTC-Heur time_to_plan: 49.79344367980957
actions
[0.0, -1.0, 0], 0.08439754673957228
[0.0, 1.0, 0], 0.009797546739580498
[0.9090064788822667, 0.4167819829959821, 0], 0.04449472567574887
[-0.9090064788821867, -0.4167819829961566, 0], 0.009794725675749868
actions
[0.0, -1.0, 0], 0.0900656527595517
[0.0, 1.0, 0], 0.00966565275956055
[0.9921250348925458, 0.1252514077344626, 0], 0.1479537111573712
[-0.9921250348925265, -0.12525140773461588, 0], 0.009653711157381771
actions
[0.0, -1.0, 0], 0.08946262740485655
[0.0, 1.0, 0], 0.009562627404865354
[0.3113429200980111, 0.9502976302742439, 0], 0.01948979180870999
[-0.3113429200979202, -0.9502976302742737, 0], 0.009689791808707741
actions
[0.0, -1.0, 0], 0.08888275845476051
[0.0, 1.0, 0], 0.009782758454769225
[0.3320668690782609, 0.9432558478273864, 0], 0.01965845586162856
[-0.3320668690781705, -0.943255847827418, 0], 0.009758455861629298
actions
[0.0, 1.0, 0], 0.07938625947652467
[0.0, -1.0, 0], 0.009586259476532355
[0.2676235005831445, 0.9635235658434222, 0], 0.034234785449714145
[-0.26762350058326356, -0.9635235658433892, 0], 0.0095347854497152
actions
[0.0, 1.0, 0], 0.08354231654591598
[0.0, -1.0, 0], 0.009842316545924101
[0.9516014961199365, 0.30733465893435835, 0], 0.10724601305866295
[-0.9516014961199692, -0.3073346589342575, 0], 0.009646013058684306
