-1.399999999999998468e-02 -5.340000000000000302e-01
-1.399999999999998468e-02 -5.330000000000000293e-01
-1.399999999999998468e-02 -5.320000000000000284e-01
-1.399999999999998468e-02 -5.310000000000000275e-01
-1.299999999999998379e-02 -5.370000000000000329e-01
-1.299999999999998379e-02 -5.350000000000000311e-01
-1.299999999999998379e-02 -5.340000000000000302e-01
-1.299999999999998379e-02 -5.330000000000000293e-01
-1.299999999999998379e-02 -5.320000000000000284e-01
-1.299999999999998379e-02 -5.310000000000000275e-01
-1.299999999999998379e-02 -5.300000000000000266e-01
-1.299999999999998379e-02 -5.290000000000000258e-01
-1.299999999999998379e-02 -5.270000000000000240e-01
-1.299999999999998379e-02 -5.260000000000000231e-01
-1.299999999999998379e-02 -5.250000000000000222e-01
-1.199999999999998290e-02 -5.380000000000000338e-01
-1.199999999999998290e-02 -5.370000000000000329e-01
-1.199999999999998290e-02 -5.360000000000000320e-01
-1.199999999999998290e-02 -5.350000000000000311e-01
-1.199999999999998290e-02 -5.340000000000000302e-01
-1.199999999999998290e-02 -5.330000000000000293e-01
-1.199999999999998290e-02 -5.320000000000000284e-01
-1.199999999999998290e-02 -5.310000000000000275e-01
-1.199999999999998290e-02 -5.300000000000000266e-01
-1.199999999999998290e-02 -5.290000000000000258e-01
-1.199999999999998290e-02 -5.280000000000000249e-01
-1.199999999999998290e-02 -5.270000000000000240e-01
-1.199999999999998290e-02 -5.260000000000000231e-01
-1.199999999999998290e-02 -5.250000000000000222e-01
-1.199999999999998290e-02 -5.240000000000000213e-01
-1.199999999999998290e-02 -5.230000000000000204e-01
-1.199999999999998290e-02 -5.200000000000000178e-01
-1.199999999999998290e-02 -5.190000000000000169e-01
-1.199999999999998290e-02 -5.180000000000000160e-01
-1.099999999999998201e-02 -5.380000000000000338e-01
-1.099999999999998201e-02 -5.370000000000000329e-01
-1.099999999999998201e-02 -5.360000000000000320e-01
-1.099999999999998201e-02 -5.350000000000000311e-01
-1.099999999999998201e-02 -5.340000000000000302e-01
-1.099999999999998201e-02 -5.330000000000000293e-01
-1.099999999999998201e-02 -5.320000000000000284e-01
-1.099999999999998201e-02 -5.310000000000000275e-01
-1.099999999999998201e-02 -5.300000000000000266e-01
-1.099999999999998201e-02 -5.290000000000000258e-01
-1.099999999999998201e-02 -5.280000000000000249e-01
-1.099999999999998201e-02 -5.270000000000000240e-01
-1.099999999999998201e-02 -5.260000000000000231e-01
-1.099999999999998201e-02 -5.250000000000000222e-01
-1.099999999999998201e-02 -5.240000000000000213e-01
-1.099999999999998201e-02 -5.230000000000000204e-01
-1.099999999999998201e-02 -5.220000000000000195e-01
-1.099999999999998201e-02 -5.210000000000000187e-01
-1.099999999999998201e-02 -5.200000000000000178e-01
-1.099999999999998201e-02 -5.190000000000000169e-01
-1.099999999999998201e-02 -5.180000000000000160e-01
-1.099999999999998201e-02 -5.170000000000000151e-01
-1.099999999999998201e-02 -5.160000000000000142e-01
-1.099999999999998201e-02 -5.130000000000000115e-01
-1.099999999999998201e-02 -5.120000000000000107e-01
-9.999999999999981126e-03 -5.380000000000000338e-01
-9.999999999999981126e-03 -5.370000000000000329e-01
-9.999999999999981126e-03 -5.360000000000000320e-01
-9.999999999999981126e-03 -5.350000000000000311e-01
-9.999999999999981126e-03 -5.340000000000000302e-01
-9.999999999999981126e-03 -5.330000000000000293e-01
-9.999999999999981126e-03 -5.320000000000000284e-01
-9.999999999999981126e-03 -5.310000000000000275e-01
-9.999999999999981126e-03 -5.300000000000000266e-01
-9.999999999999981126e-03 -5.290000000000000258e-01
-9.999999999999981126e-03 -5.280000000000000249e-01
-9.999999999999981126e-03 -5.270000000000000240e-01
-9.999999999999981126e-03 -5.260000000000000231e-01
-9.999999999999981126e-03 -5.250000000000000222e-01
-9.999999999999981126e-03 -5.240000000000000213e-01
-9.999999999999981126e-03 -5.230000000000000204e-01
-9.999999999999981126e-03 -5.220000000000000195e-01
-9.999999999999981126e-03 -5.210000000000000187e-01
-9.999999999999981126e-03 -5.200000000000000178e-01
-9.999999999999981126e-03 -5.190000000000000169e-01
-9.999999999999981126e-03 -5.180000000000000160e-01
-9.999999999999981126e-03 -5.170000000000000151e-01
-9.999999999999981126e-03 -5.160000000000000142e-01
-9.999999999999981126e-03 -5.150000000000000133e-01
-9.999999999999981126e-03 -5.140000000000000124e-01
-9.999999999999981126e-03 -5.130000000000000115e-01
-9.999999999999981126e-03 -5.120000000000000107e-01
-9.999999999999981126e-03 -5.100000000000000089e-01
-9.999999999999981126e-03 -5.090000000000000080e-01
-9.999999999999981126e-03 -5.050000000000000044e-01
-9.999999999999981126e-03 -5.040000000000000036e-01
-8.999999999999980238e-03 -5.380000000000000338e-01
-8.999999999999980238e-03 -5.370000000000000329e-01
-8.999999999999980238e-03 -5.360000000000000320e-01
-8.999999999999980238e-03 -5.350000000000000311e-01
-8.999999999999980238e-03 -5.340000000000000302e-01
-8.999999999999980238e-03 -5.330000000000000293e-01
-8.999999999999980238e-03 -5.320000000000000284e-01
-8.999999999999980238e-03 -5.310000000000000275e-01
-8.999999999999980238e-03 -5.300000000000000266e-01
-8.999999999999980238e-03 -5.290000000000000258e-01
-8.999999999999980238e-03 -5.280000000000000249e-01
-8.999999999999980238e-03 -5.270000000000000240e-01
-8.999999999999980238e-03 -5.260000000000000231e-01
-8.999999999999980238e-03 -5.250000000000000222e-01
-8.999999999999980238e-03 -5.240000000000000213e-01
-8.999999999999980238e-03 -5.230000000000000204e-01
-8.999999999999980238e-03 -5.220000000000000195e-01
-8.999999999999980238e-03 -5.210000000000000187e-01
-8.999999999999980238e-03 -5.200000000000000178e-01
-8.999999999999980238e-03 -5.190000000000000169e-01
-8.999999999999980238e-03 -5.180000000000000160e-01
-8.999999999999980238e-03 -5.170000000000000151e-01
-8.999999999999980238e-03 -5.160000000000000142e-01
-8.999999999999980238e-03 -5.150000000000000133e-01
-8.999999999999980238e-03 -5.140000000000000124e-01
-8.999999999999980238e-03 -5.130000000000000115e-01
-8.999999999999980238e-03 -5.120000000000000107e-01
-8.999999999999980238e-03 -5.110000000000000098e-01
-8.999999999999980238e-03 -5.100000000000000089e-01
-8.999999999999980238e-03 -5.090000000000000080e-01
-8.999999999999980238e-03 -5.080000000000000071e-01
-8.999999999999980238e-03 -5.070000000000000062e-01
-8.999999999999980238e-03 -5.060000000000000053e-01
-8.999999999999980238e-03 -5.050000000000000044e-01
-7.999999999999979350e-03 -5.380000000000000338e-01
-7.999999999999979350e-03 -5.370000000000000329e-01
-7.999999999999979350e-03 -5.360000000000000320e-01
-7.999999999999979350e-03 -5.350000000000000311e-01
-7.999999999999979350e-03 -5.340000000000000302e-01
-7.999999999999979350e-03 -5.330000000000000293e-01
-7.999999999999979350e-03 -5.320000000000000284e-01
-7.999999999999979350e-03 -5.310000000000000275e-01
-7.999999999999979350e-03 -5.300000000000000266e-01
-7.999999999999979350e-03 -5.290000000000000258e-01
-7.999999999999979350e-03 -5.280000000000000249e-01
-7.999999999999979350e-03 -5.270000000000000240e-01
-7.999999999999979350e-03 -5.260000000000000231e-01
-7.999999999999979350e-03 -5.250000000000000222e-01
-7.999999999999979350e-03 -5.240000000000000213e-01
-7.999999999999979350e-03 -5.230000000000000204e-01
-7.999999999999979350e-03 -5.220000000000000195e-01
-7.999999999999979350e-03 -5.210000000000000187e-01
-7.999999999999979350e-03 -5.200000000000000178e-01
-7.999999999999979350e-03 -5.190000000000000169e-01
-7.999999999999979350e-03 -5.180000000000000160e-01
-7.999999999999979350e-03 -5.170000000000000151e-01
-7.999999999999979350e-03 -5.160000000000000142e-01
-7.999999999999979350e-03 -5.150000000000000133e-01
-7.999999999999979350e-03 -5.140000000000000124e-01
-7.999999999999979350e-03 -5.130000000000000115e-01
-7.999999999999979350e-03 -5.120000000000000107e-01
-7.999999999999979350e-03 -5.110000000000000098e-01
-7.999999999999979350e-03 -5.100000000000000089e-01
-7.999999999999979350e-03 -5.090000000000000080e-01
-7.999999999999979350e-03 -5.080000000000000071e-01
-7.999999999999979350e-03 -5.070000000000000062e-01
-7.999999999999979350e-03 -5.060000000000000053e-01
-7.999999999999979350e-03 -5.050000000000000044e-01
-7.999999999999979350e-03 -5.040000000000000036e-01
-7.999999999999979350e-03 -5.030000000000000027e-01
-7.999999999999979350e-03 -5.020000000000000018e-01
-7.999999999999979350e-03 -5.010000000000001119e-01
-7.999999999999979350e-03 -5.000000000000000000e-01
-6.999999999999978462e-03 -5.380000000000000338e-01
-6.999999999999978462e-03 -5.370000000000000329e-01
-6.999999999999978462e-03 -5.360000000000000320e-01
-6.999999999999978462e-03 -5.350000000000000311e-01
-6.999999999999978462e-03 -5.340000000000000302e-01
-6.999999999999978462e-03 -5.330000000000000293e-01
-6.999999999999978462e-03 -5.320000000000000284e-01
-6.999999999999978462e-03 -5.310000000000000275e-01
-6.999999999999978462e-03 -5.300000000000000266e-01
-6.999999999999978462e-03 -5.290000000000000258e-01
-6.999999999999978462e-03 -5.280000000000000249e-01
-6.999999999999978462e-03 -5.270000000000000240e-01
-6.999999999999978462e-03 -5.260000000000000231e-01
-6.999999999999978462e-03 -5.250000000000000222e-01
-6.999999999999978462e-03 -5.240000000000000213e-01
-6.999999999999978462e-03 -5.230000000000000204e-01
-6.999999999999978462e-03 -5.220000000000000195e-01
-6.999999999999978462e-03 -5.210000000000000187e-01
-6.999999999999978462e-03 -5.200000000000000178e-01
-6.999999999999978462e-03 -5.190000000000000169e-01
-6.999999999999978462e-03 -5.180000000000000160e-01
-6.999999999999978462e-03 -5.170000000000000151e-01
-6.999999999999978462e-03 -5.160000000000000142e-01
-6.999999999999978462e-03 -5.150000000000000133e-01
-6.999999999999978462e-03 -5.140000000000000124e-01
-6.999999999999978462e-03 -5.130000000000000115e-01
-6.999999999999978462e-03 -5.120000000000000107e-01
-6.999999999999978462e-03 -5.110000000000000098e-01
-6.999999999999978462e-03 -5.100000000000000089e-01
-6.999999999999978462e-03 -5.090000000000000080e-01
-6.999999999999978462e-03 -5.080000000000000071e-01
-6.999999999999978462e-03 -5.070000000000000062e-01
-6.999999999999978462e-03 -5.060000000000000053e-01
-6.999999999999978462e-03 -5.050000000000000044e-01
-6.999999999999978462e-03 -5.040000000000000036e-01
-6.999999999999978462e-03 -5.030000000000000027e-01
-6.999999999999978462e-03 -5.020000000000000018e-01
-6.999999999999978462e-03 -5.010000000000001119e-01
-6.999999999999978462e-03 -5.000000000000000000e-01
-6.999999999999978462e-03 -4.990000000000000546e-01
-6.999999999999978462e-03 -4.980000000000000537e-01
-6.999999999999978462e-03 -4.970000000000000528e-01
-5.999999999999977573e-03 -5.380000000000000338e-01
-5.999999999999977573e-03 -5.370000000000000329e-01
-5.999999999999977573e-03 -5.360000000000000320e-01
-5.999999999999977573e-03 -5.350000000000000311e-01
-5.999999999999977573e-03 -5.340000000000000302e-01
-5.999999999999977573e-03 -5.330000000000000293e-01
-5.999999999999977573e-03 -5.320000000000000284e-01
-5.999999999999977573e-03 -5.310000000000000275e-01
-5.999999999999977573e-03 -5.300000000000000266e-01
-5.999999999999977573e-03 -5.290000000000000258e-01
-5.999999999999977573e-03 -5.280000000000000249e-01
-5.999999999999977573e-03 -5.270000000000000240e-01
-5.999999999999977573e-03 -5.260000000000000231e-01
-5.999999999999977573e-03 -5.250000000000000222e-01
-5.999999999999977573e-03 -5.240000000000000213e-01
-5.999999999999977573e-03 -5.230000000000000204e-01
-5.999999999999977573e-03 -5.220000000000000195e-01
-5.999999999999977573e-03 -5.210000000000000187e-01
-5.999999999999977573e-03 -5.200000000000000178e-01
-5.999999999999977573e-03 -5.190000000000000169e-01
-5.999999999999977573e-03 -5.180000000000000160e-01
-5.999999999999977573e-03 -5.170000000000000151e-01
-5.999999999999977573e-03 -5.160000000000000142e-01
-5.999999999999977573e-03 -5.150000000000000133e-01
-5.999999999999977573e-03 -5.140000000000000124e-01
-5.999999999999977573e-03 -5.130000000000000115e-01
-5.999999999999977573e-03 -5.120000000000000107e-01
-5.999999999999977573e-03 -5.110000000000000098e-01
-5.999999999999977573e-03 -5.100000000000000089e-01
-5.999999999999977573e-03 -5.090000000000000080e-01
-5.999999999999977573e-03 -5.080000000000000071e-01
-5.999999999999977573e-03 -5.070000000000000062e-01
-5.999999999999977573e-03 -5.060000000000000053e-01
-5.999999999999977573e-03 -5.050000000000000044e-01
-5.999999999999977573e-03 -5.040000000000000036e-01
-5.999999999999977573e-03 -5.030000000000000027e-01
-5.999999999999977573e-03 -5.020000000000000018e-01
-5.999999999999977573e-03 -5.010000000000001119e-01
-5.999999999999977573e-03 -5.000000000000000000e-01
-5.999999999999977573e-03 -4.990000000000000546e-01
-5.999999999999977573e-03 -4.980000000000000537e-01
-5.999999999999977573e-03 -4.970000000000000528e-01
-5.999999999999977573e-03 -4.960000000000000520e-01
-5.999999999999977573e-03 -4.950000000000000511e-01
-4.999999999999976685e-03 -5.380000000000000338e-01
-4.999999999999976685e-03 -5.370000000000000329e-01
-4.999999999999976685e-03 -5.360000000000000320e-01
-4.999999999999976685e-03 -5.350000000000000311e-01
-4.999999999999976685e-03 -5.340000000000000302e-01
-4.999999999999976685e-03 -5.330000000000000293e-01
-4.999999999999976685e-03 -5.320000000000000284e-01
-4.999999999999976685e-03 -5.310000000000000275e-01
-4.999999999999976685e-03 -5.300000000000000266e-01
-4.999999999999976685e-03 -5.290000000000000258e-01
-4.999999999999976685e-03 -5.280000000000000249e-01
-4.999999999999976685e-03 -5.270000000000000240e-01
-4.999999999999976685e-03 -5.260000000000000231e-01
-4.999999999999976685e-03 -5.250000000000000222e-01
-4.999999999999976685e-03 -5.240000000000000213e-01
-4.999999999999976685e-03 -5.230000000000000204e-01
-4.999999999999976685e-03 -5.220000000000000195e-01
-4.999999999999976685e-03 -5.210000000000000187e-01
-4.999999999999976685e-03 -5.200000000000000178e-01
-4.999999999999976685e-03 -5.190000000000000169e-01
-4.999999999999976685e-03 -5.180000000000000160e-01
-4.999999999999976685e-03 -5.170000000000000151e-01
-4.999999999999976685e-03 -5.160000000000000142e-01
-4.999999999999976685e-03 -5.150000000000000133e-01
-4.999999999999976685e-03 -5.140000000000000124e-01
-4.999999999999976685e-03 -5.130000000000000115e-01
-4.999999999999976685e-03 -5.120000000000000107e-01
-4.999999999999976685e-03 -5.110000000000000098e-01
-4.999999999999976685e-03 -5.100000000000000089e-01
-4.999999999999976685e-03 -5.090000000000000080e-01
-4.999999999999976685e-03 -5.080000000000000071e-01
-4.999999999999976685e-03 -5.070000000000000062e-01
-4.999999999999976685e-03 -5.060000000000000053e-01
-4.999999999999976685e-03 -5.050000000000000044e-01
-4.999999999999976685e-03 -5.040000000000000036e-01
-4.999999999999976685e-03 -5.030000000000000027e-01
-4.999999999999976685e-03 -5.020000000000000018e-01
-4.999999999999976685e-03 -5.010000000000001119e-01
-4.999999999999976685e-03 -5.000000000000000000e-01
-4.999999999999976685e-03 -4.990000000000000546e-01
-4.999999999999976685e-03 -4.980000000000000537e-01
-4.999999999999976685e-03 -4.970000000000000528e-01
-4.999999999999976685e-03 -4.960000000000000520e-01
-4.999999999999976685e-03 -4.950000000000000511e-01
-3.999999999999975797e-03 -5.370000000000000329e-01
-3.999999999999975797e-03 -5.360000000000000320e-01
-3.999999999999975797e-03 -5.350000000000000311e-01
-3.999999999999975797e-03 -5.340000000000000302e-01
-3.999999999999975797e-03 -5.330000000000000293e-01
-3.999999999999975797e-03 -5.320000000000000284e-01
-3.999999999999975797e-03 -5.310000000000000275e-01
-3.999999999999975797e-03 -5.300000000000000266e-01
-3.999999999999975797e-03 -5.290000000000000258e-01
-3.999999999999975797e-03 -5.280000000000000249e-01
-3.999999999999975797e-03 -5.270000000000000240e-01
-3.999999999999975797e-03 -5.260000000000000231e-01
-3.999999999999975797e-03 -5.250000000000000222e-01
-3.999999999999975797e-03 -5.240000000000000213e-01
-3.999999999999975797e-03 -5.230000000000000204e-01
-3.999999999999975797e-03 -5.220000000000000195e-01
-3.999999999999975797e-03 -5.210000000000000187e-01
-3.999999999999975797e-03 -5.200000000000000178e-01
-3.999999999999975797e-03 -5.190000000000000169e-01
-3.999999999999975797e-03 -5.180000000000000160e-01
-3.999999999999975797e-03 -5.170000000000000151e-01
-3.999999999999975797e-03 -5.160000000000000142e-01
-3.999999999999975797e-03 -5.150000000000000133e-01
-3.999999999999975797e-03 -5.140000000000000124e-01
-3.999999999999975797e-03 -5.130000000000000115e-01
-3.999999999999975797e-03 -5.120000000000000107e-01
-3.999999999999975797e-03 -5.110000000000000098e-01
-3.999999999999975797e-03 -5.100000000000000089e-01
-3.999999999999975797e-03 -5.090000000000000080e-01
-3.999999999999975797e-03 -5.080000000000000071e-01
-3.999999999999975797e-03 -5.070000000000000062e-01
-3.999999999999975797e-03 -5.060000000000000053e-01
-3.999999999999975797e-03 -5.050000000000000044e-01
-3.999999999999975797e-03 -5.040000000000000036e-01
-3.999999999999975797e-03 -5.030000000000000027e-01
-3.999999999999975797e-03 -5.020000000000000018e-01
-3.999999999999975797e-03 -5.010000000000001119e-01
-3.999999999999975797e-03 -5.000000000000000000e-01
-3.999999999999975797e-03 -4.990000000000000546e-01
-3.999999999999975797e-03 -4.980000000000000537e-01
-3.999999999999975797e-03 -4.970000000000000528e-01
-3.999999999999975797e-03 -4.960000000000000520e-01
-3.999999999999975797e-03 -4.950000000000000511e-01
-2.999999999999974909e-03 -5.370000000000000329e-01
-2.999999999999974909e-03 -5.360000000000000320e-01
-2.999999999999974909e-03 -5.350000000000000311e-01
-2.999999999999974909e-03 -5.340000000000000302e-01
-2.999999999999974909e-03 -5.330000000000000293e-01
-2.999999999999974909e-03 -5.320000000000000284e-01
-2.999999999999974909e-03 -5.310000000000000275e-01
-2.999999999999974909e-03 -5.300000000000000266e-01
-2.999999999999974909e-03 -5.290000000000000258e-01
-2.999999999999974909e-03 -5.280000000000000249e-01
-2.999999999999974909e-03 -5.270000000000000240e-01
-2.999999999999974909e-03 -5.260000000000000231e-01
-2.999999999999974909e-03 -5.250000000000000222e-01
-2.999999999999974909e-03 -5.240000000000000213e-01
-2.999999999999974909e-03 -5.230000000000000204e-01
-2.999999999999974909e-03 -5.220000000000000195e-01
-2.999999999999974909e-03 -5.210000000000000187e-01
-2.999999999999974909e-03 -5.200000000000000178e-01
-2.999999999999974909e-03 -5.190000000000000169e-01
-2.999999999999974909e-03 -5.180000000000000160e-01
-2.999999999999974909e-03 -5.170000000000000151e-01
-2.999999999999974909e-03 -5.160000000000000142e-01
-2.999999999999974909e-03 -5.150000000000000133e-01
-2.999999999999974909e-03 -5.140000000000000124e-01
-2.999999999999974909e-03 -5.130000000000000115e-01
-2.999999999999974909e-03 -5.120000000000000107e-01
-2.999999999999974909e-03 -5.110000000000000098e-01
-2.999999999999974909e-03 -5.100000000000000089e-01
-2.999999999999974909e-03 -5.090000000000000080e-01
-2.999999999999974909e-03 -5.080000000000000071e-01
-2.999999999999974909e-03 -5.070000000000000062e-01
-2.999999999999974909e-03 -5.060000000000000053e-01
-2.999999999999974909e-03 -5.050000000000000044e-01
-2.999999999999974909e-03 -5.040000000000000036e-01
-2.999999999999974909e-03 -5.030000000000000027e-01
-2.999999999999974909e-03 -5.020000000000000018e-01
-2.999999999999974909e-03 -5.010000000000001119e-01
-2.999999999999974909e-03 -5.000000000000000000e-01
-2.999999999999974909e-03 -4.990000000000000546e-01
-2.999999999999974909e-03 -4.980000000000000537e-01
-2.999999999999974909e-03 -4.970000000000000528e-01
-2.999999999999974909e-03 -4.960000000000000520e-01
-2.999999999999974909e-03 -4.950000000000000511e-01
-1.999999999999974021e-03 -5.350000000000000311e-01
-1.999999999999974021e-03 -5.340000000000000302e-01
-1.999999999999974021e-03 -5.330000000000000293e-01
-1.999999999999974021e-03 -5.320000000000000284e-01
-1.999999999999974021e-03 -5.310000000000000275e-01
-1.999999999999974021e-03 -5.300000000000000266e-01
-1.999999999999974021e-03 -5.290000000000000258e-01
-1.999999999999974021e-03 -5.280000000000000249e-01
-1.999999999999974021e-03 -5.270000000000000240e-01
-1.999999999999974021e-03 -5.260000000000000231e-01
-1.999999999999974021e-03 -5.250000000000000222e-01
-1.999999999999974021e-03 -5.240000000000000213e-01
-1.999999999999974021e-03 -5.230000000000000204e-01
-1.999999999999974021e-03 -5.220000000000000195e-01
-1.999999999999974021e-03 -5.210000000000000187e-01
-1.999999999999974021e-03 -5.200000000000000178e-01
-1.999999999999974021e-03 -5.190000000000000169e-01
-1.999999999999974021e-03 -5.180000000000000160e-01
-1.999999999999974021e-03 -5.170000000000000151e-01
-1.999999999999974021e-03 -5.160000000000000142e-01
-1.999999999999974021e-03 -5.150000000000000133e-01
-1.999999999999974021e-03 -5.140000000000000124e-01
-1.999999999999974021e-03 -5.130000000000000115e-01
-1.999999999999974021e-03 -5.120000000000000107e-01
-1.999999999999974021e-03 -5.110000000000000098e-01
-1.999999999999974021e-03 -5.100000000000000089e-01
-1.999999999999974021e-03 -5.090000000000000080e-01
-1.999999999999974021e-03 -5.080000000000000071e-01
-1.999999999999974021e-03 -5.070000000000000062e-01
-1.999999999999974021e-03 -5.060000000000000053e-01
-1.999999999999974021e-03 -5.050000000000000044e-01
-1.999999999999974021e-03 -5.040000000000000036e-01
-1.999999999999974021e-03 -5.030000000000000027e-01
-1.999999999999974021e-03 -5.020000000000000018e-01
-1.999999999999974021e-03 -5.010000000000001119e-01
-1.999999999999974021e-03 -5.000000000000000000e-01
-1.999999999999974021e-03 -4.990000000000000546e-01
-1.999999999999974021e-03 -4.980000000000000537e-01
-1.999999999999974021e-03 -4.970000000000000528e-01
-1.999999999999974021e-03 -4.960000000000000520e-01
-1.999999999999974021e-03 -4.950000000000000511e-01
-9.999999999999731326e-04 -5.320000000000000284e-01
-9.999999999999731326e-04 -5.310000000000000275e-01
-9.999999999999731326e-04 -5.300000000000000266e-01
-9.999999999999731326e-04 -5.290000000000000258e-01
-9.999999999999731326e-04 -5.280000000000000249e-01
-9.999999999999731326e-04 -5.270000000000000240e-01
-9.999999999999731326e-04 -5.260000000000000231e-01
-9.999999999999731326e-04 -5.250000000000000222e-01
-9.999999999999731326e-04 -5.240000000000000213e-01
-9.999999999999731326e-04 -5.230000000000000204e-01
-9.999999999999731326e-04 -5.220000000000000195e-01
-9.999999999999731326e-04 -5.210000000000000187e-01
-9.999999999999731326e-04 -5.200000000000000178e-01
-9.999999999999731326e-04 -5.190000000000000169e-01
-9.999999999999731326e-04 -5.180000000000000160e-01
-9.999999999999731326e-04 -5.170000000000000151e-01
-9.999999999999731326e-04 -5.160000000000000142e-01
-9.999999999999731326e-04 -5.150000000000000133e-01
-9.999999999999731326e-04 -5.140000000000000124e-01
-9.999999999999731326e-04 -5.130000000000000115e-01
-9.999999999999731326e-04 -5.120000000000000107e-01
-9.999999999999731326e-04 -5.110000000000000098e-01
-9.999999999999731326e-04 -5.100000000000000089e-01
-9.999999999999731326e-04 -5.090000000000000080e-01
-9.999999999999731326e-04 -5.080000000000000071e-01
-9.999999999999731326e-04 -5.070000000000000062e-01
-9.999999999999731326e-04 -5.060000000000000053e-01
-9.999999999999731326e-04 -5.050000000000000044e-01
-9.999999999999731326e-04 -5.040000000000000036e-01
-9.999999999999731326e-04 -5.030000000000000027e-01
-9.999999999999731326e-04 -5.020000000000000018e-01
-9.999999999999731326e-04 -5.010000000000001119e-01
-9.999999999999731326e-04 -5.000000000000000000e-01
-9.999999999999731326e-04 -4.990000000000000546e-01
-9.999999999999731326e-04 -4.980000000000000537e-01
-9.999999999999731326e-04 -4.970000000000000528e-01
-9.999999999999731326e-04 -4.960000000000000520e-01
-9.999999999999731326e-04 -4.950000000000000511e-01
-9.999999999999731326e-04 -4.940000000000000502e-01
2.775557561562891351e-17 -5.290000000000000258e-01
2.775557561562891351e-17 -5.280000000000000249e-01
2.775557561562891351e-17 -5.270000000000000240e-01
2.775557561562891351e-17 -5.260000000000000231e-01
2.775557561562891351e-17 -5.250000000000000222e-01
2.775557561562891351e-17 -5.240000000000000213e-01
2.775557561562891351e-17 -5.230000000000000204e-01
2.775557561562891351e-17 -5.220000000000000195e-01
2.775557561562891351e-17 -5.210000000000000187e-01
2.775557561562891351e-17 -5.200000000000000178e-01
2.775557561562891351e-17 -5.090000000000000080e-01
2.775557561562891351e-17 -5.080000000000000071e-01
2.775557561562891351e-17 -5.070000000000000062e-01
2.775557561562891351e-17 -5.060000000000000053e-01
2.775557561562891351e-17 -5.050000000000000044e-01
2.775557561562891351e-17 -5.040000000000000036e-01
2.775557561562891351e-17 -5.030000000000000027e-01
2.775557561562891351e-17 -5.020000000000000018e-01
2.775557561562891351e-17 -5.010000000000001119e-01
2.775557561562891351e-17 -5.000000000000000000e-01
2.775557561562891351e-17 -4.990000000000000546e-01
2.775557561562891351e-17 -4.980000000000000537e-01
2.775557561562891351e-17 -4.970000000000000528e-01
2.775557561562891351e-17 -4.960000000000000520e-01
2.775557561562891351e-17 -4.950000000000000511e-01
2.775557561562891351e-17 -4.940000000000000502e-01
1.000000000000028644e-03 -5.280000000000000249e-01
1.000000000000028644e-03 -5.270000000000000240e-01
1.000000000000028644e-03 -5.260000000000000231e-01
1.000000000000028644e-03 -5.250000000000000222e-01
1.000000000000028644e-03 -5.240000000000000213e-01
1.000000000000028644e-03 -5.230000000000000204e-01
1.000000000000028644e-03 -5.220000000000000195e-01
1.000000000000028644e-03 -5.210000000000000187e-01
1.000000000000028644e-03 -5.200000000000000178e-01
1.000000000000028644e-03 -5.060000000000000053e-01
1.000000000000028644e-03 -5.050000000000000044e-01
1.000000000000028644e-03 -5.040000000000000036e-01
1.000000000000028644e-03 -5.030000000000000027e-01
1.000000000000028644e-03 -5.020000000000000018e-01
1.000000000000028644e-03 -5.010000000000001119e-01
1.000000000000028644e-03 -5.000000000000000000e-01
1.000000000000028644e-03 -4.990000000000000546e-01
1.000000000000028644e-03 -4.980000000000000537e-01
1.000000000000028644e-03 -4.970000000000000528e-01
1.000000000000028644e-03 -4.960000000000000520e-01
1.000000000000028644e-03 -4.950000000000000511e-01
1.000000000000028644e-03 -4.940000000000000502e-01
2.000000000000029532e-03 -5.280000000000000249e-01
2.000000000000029532e-03 -5.270000000000000240e-01
2.000000000000029532e-03 -5.260000000000000231e-01
2.000000000000029532e-03 -5.250000000000000222e-01
2.000000000000029532e-03 -5.240000000000000213e-01
2.000000000000029532e-03 -5.230000000000000204e-01
2.000000000000029532e-03 -5.220000000000000195e-01
2.000000000000029532e-03 -5.210000000000000187e-01
2.000000000000029532e-03 -5.200000000000000178e-01
2.000000000000029532e-03 -5.060000000000000053e-01
2.000000000000029532e-03 -5.050000000000000044e-01
2.000000000000029532e-03 -5.040000000000000036e-01
2.000000000000029532e-03 -5.030000000000000027e-01
2.000000000000029532e-03 -5.020000000000000018e-01
2.000000000000029532e-03 -5.010000000000001119e-01
2.000000000000029532e-03 -5.000000000000000000e-01
2.000000000000029532e-03 -4.990000000000000546e-01
2.000000000000029532e-03 -4.980000000000000537e-01
2.000000000000029532e-03 -4.970000000000000528e-01
2.000000000000029532e-03 -4.960000000000000520e-01
2.000000000000029532e-03 -4.950000000000000511e-01
3.000000000000030420e-03 -5.280000000000000249e-01
3.000000000000030420e-03 -5.270000000000000240e-01
3.000000000000030420e-03 -5.260000000000000231e-01
3.000000000000030420e-03 -5.250000000000000222e-01
3.000000000000030420e-03 -5.240000000000000213e-01
3.000000000000030420e-03 -5.230000000000000204e-01
3.000000000000030420e-03 -5.220000000000000195e-01
3.000000000000030420e-03 -5.210000000000000187e-01
3.000000000000030420e-03 -5.200000000000000178e-01
3.000000000000030420e-03 -5.060000000000000053e-01
3.000000000000030420e-03 -5.050000000000000044e-01
3.000000000000030420e-03 -5.040000000000000036e-01
3.000000000000030420e-03 -5.030000000000000027e-01
3.000000000000030420e-03 -5.020000000000000018e-01
3.000000000000030420e-03 -5.010000000000001119e-01
3.000000000000030420e-03 -5.000000000000000000e-01
3.000000000000030420e-03 -4.990000000000000546e-01
3.000000000000030420e-03 -4.980000000000000537e-01
3.000000000000030420e-03 -4.970000000000000528e-01
3.000000000000030420e-03 -4.960000000000000520e-01
3.000000000000030420e-03 -4.950000000000000511e-01
4.000000000000031308e-03 -5.280000000000000249e-01
4.000000000000031308e-03 -5.270000000000000240e-01
4.000000000000031308e-03 -5.260000000000000231e-01
4.000000000000031308e-03 -5.250000000000000222e-01
4.000000000000031308e-03 -5.240000000000000213e-01
4.000000000000031308e-03 -5.230000000000000204e-01
4.000000000000031308e-03 -5.220000000000000195e-01
4.000000000000031308e-03 -5.210000000000000187e-01
4.000000000000031308e-03 -5.200000000000000178e-01
4.000000000000031308e-03 -5.090000000000000080e-01
4.000000000000031308e-03 -5.080000000000000071e-01
4.000000000000031308e-03 -5.070000000000000062e-01
4.000000000000031308e-03 -5.060000000000000053e-01
4.000000000000031308e-03 -5.050000000000000044e-01
4.000000000000031308e-03 -5.040000000000000036e-01
4.000000000000031308e-03 -5.030000000000000027e-01
4.000000000000031308e-03 -5.020000000000000018e-01
4.000000000000031308e-03 -5.010000000000001119e-01
4.000000000000031308e-03 -5.000000000000000000e-01
4.000000000000031308e-03 -4.990000000000000546e-01
4.000000000000031308e-03 -4.980000000000000537e-01
4.000000000000031308e-03 -4.970000000000000528e-01
4.000000000000031308e-03 -4.960000000000000520e-01
4.000000000000031308e-03 -4.950000000000000511e-01
5.000000000000004441e-03 -5.280000000000000249e-01
5.000000000000004441e-03 -5.270000000000000240e-01
5.000000000000004441e-03 -5.260000000000000231e-01
5.000000000000004441e-03 -5.250000000000000222e-01
5.000000000000004441e-03 -5.240000000000000213e-01
5.000000000000004441e-03 -5.230000000000000204e-01
5.000000000000004441e-03 -5.220000000000000195e-01
5.000000000000004441e-03 -5.210000000000000187e-01
5.000000000000004441e-03 -5.200000000000000178e-01
5.000000000000004441e-03 -5.100000000000000089e-01
5.000000000000004441e-03 -5.090000000000000080e-01
5.000000000000004441e-03 -5.080000000000000071e-01
5.000000000000004441e-03 -5.070000000000000062e-01
5.000000000000004441e-03 -5.060000000000000053e-01
5.000000000000004441e-03 -5.050000000000000044e-01
5.000000000000004441e-03 -5.040000000000000036e-01
5.000000000000004441e-03 -5.030000000000000027e-01
5.000000000000004441e-03 -5.020000000000000018e-01
5.000000000000004441e-03 -5.010000000000001119e-01
5.000000000000004441e-03 -5.000000000000000000e-01
5.000000000000004441e-03 -4.990000000000000546e-01
5.000000000000004441e-03 -4.980000000000000537e-01
5.000000000000004441e-03 -4.970000000000000528e-01
5.000000000000004441e-03 -4.960000000000000520e-01
5.000000000000004441e-03 -4.950000000000000511e-01
6.000000000000005329e-03 -5.270000000000000240e-01
6.000000000000005329e-03 -5.260000000000000231e-01
6.000000000000005329e-03 -5.250000000000000222e-01
6.000000000000005329e-03 -5.240000000000000213e-01
6.000000000000005329e-03 -5.230000000000000204e-01
6.000000000000005329e-03 -5.220000000000000195e-01
6.000000000000005329e-03 -5.210000000000000187e-01
6.000000000000005329e-03 -5.200000000000000178e-01
6.000000000000005329e-03 -5.190000000000000169e-01
6.000000000000005329e-03 -5.120000000000000107e-01
6.000000000000005329e-03 -5.110000000000000098e-01
6.000000000000005329e-03 -5.100000000000000089e-01
6.000000000000005329e-03 -5.090000000000000080e-01
6.000000000000005329e-03 -5.080000000000000071e-01
6.000000000000005329e-03 -5.070000000000000062e-01
6.000000000000005329e-03 -5.060000000000000053e-01
6.000000000000005329e-03 -5.050000000000000044e-01
6.000000000000005329e-03 -5.040000000000000036e-01
6.000000000000005329e-03 -5.030000000000000027e-01
6.000000000000005329e-03 -5.020000000000000018e-01
6.000000000000005329e-03 -5.010000000000001119e-01
6.000000000000005329e-03 -5.000000000000000000e-01
6.000000000000005329e-03 -4.990000000000000546e-01
6.000000000000005329e-03 -4.980000000000000537e-01
6.000000000000005329e-03 -4.970000000000000528e-01
6.000000000000005329e-03 -4.960000000000000520e-01
6.000000000000005329e-03 -4.950000000000000511e-01
7.000000000000006217e-03 -5.270000000000000240e-01
7.000000000000006217e-03 -5.260000000000000231e-01
7.000000000000006217e-03 -5.250000000000000222e-01
7.000000000000006217e-03 -5.240000000000000213e-01
7.000000000000006217e-03 -5.230000000000000204e-01
7.000000000000006217e-03 -5.220000000000000195e-01
7.000000000000006217e-03 -5.210000000000000187e-01
7.000000000000006217e-03 -5.200000000000000178e-01
7.000000000000006217e-03 -5.190000000000000169e-01
7.000000000000006217e-03 -5.180000000000000160e-01
7.000000000000006217e-03 -5.140000000000000124e-01
7.000000000000006217e-03 -5.130000000000000115e-01
7.000000000000006217e-03 -5.120000000000000107e-01
7.000000000000006217e-03 -5.110000000000000098e-01
7.000000000000006217e-03 -5.100000000000000089e-01
7.000000000000006217e-03 -5.090000000000000080e-01
7.000000000000006217e-03 -5.080000000000000071e-01
7.000000000000006217e-03 -5.070000000000000062e-01
7.000000000000006217e-03 -5.060000000000000053e-01
7.000000000000006217e-03 -5.050000000000000044e-01
7.000000000000006217e-03 -5.040000000000000036e-01
7.000000000000006217e-03 -5.030000000000000027e-01
7.000000000000006217e-03 -5.020000000000000018e-01
7.000000000000006217e-03 -5.010000000000001119e-01
7.000000000000006217e-03 -5.000000000000000000e-01
7.000000000000006217e-03 -4.990000000000000546e-01
7.000000000000006217e-03 -4.980000000000000537e-01
7.000000000000006217e-03 -4.970000000000000528e-01
7.000000000000006217e-03 -4.960000000000000520e-01
7.000000000000006217e-03 -4.950000000000000511e-01
8.000000000000007105e-03 -5.270000000000000240e-01
8.000000000000007105e-03 -5.260000000000000231e-01
8.000000000000007105e-03 -5.250000000000000222e-01
8.000000000000007105e-03 -5.240000000000000213e-01
8.000000000000007105e-03 -5.230000000000000204e-01
8.000000000000007105e-03 -5.220000000000000195e-01
8.000000000000007105e-03 -5.210000000000000187e-01
8.000000000000007105e-03 -5.200000000000000178e-01
8.000000000000007105e-03 -5.190000000000000169e-01
8.000000000000007105e-03 -5.180000000000000160e-01
8.000000000000007105e-03 -5.170000000000000151e-01
8.000000000000007105e-03 -5.160000000000000142e-01
8.000000000000007105e-03 -5.150000000000000133e-01
8.000000000000007105e-03 -5.140000000000000124e-01
8.000000000000007105e-03 -5.130000000000000115e-01
8.000000000000007105e-03 -5.120000000000000107e-01
8.000000000000007105e-03 -5.110000000000000098e-01
8.000000000000007105e-03 -5.100000000000000089e-01
8.000000000000007105e-03 -5.090000000000000080e-01
8.000000000000007105e-03 -5.080000000000000071e-01
8.000000000000007105e-03 -5.070000000000000062e-01
8.000000000000007105e-03 -5.060000000000000053e-01
8.000000000000007105e-03 -5.050000000000000044e-01
8.000000000000007105e-03 -5.040000000000000036e-01
8.000000000000007105e-03 -5.030000000000000027e-01
8.000000000000007105e-03 -5.020000000000000018e-01
8.000000000000007105e-03 -5.010000000000001119e-01
8.000000000000007105e-03 -5.000000000000000000e-01
8.000000000000007105e-03 -4.990000000000000546e-01
8.000000000000007105e-03 -4.980000000000000537e-01
8.000000000000007105e-03 -4.970000000000000528e-01
8.000000000000007105e-03 -4.960000000000000520e-01
8.000000000000007105e-03 -4.950000000000000511e-01
9.000000000000007994e-03 -5.380000000000000338e-01
9.000000000000007994e-03 -5.270000000000000240e-01
9.000000000000007994e-03 -5.260000000000000231e-01
9.000000000000007994e-03 -5.250000000000000222e-01
9.000000000000007994e-03 -5.240000000000000213e-01
9.000000000000007994e-03 -5.230000000000000204e-01
9.000000000000007994e-03 -5.220000000000000195e-01
9.000000000000007994e-03 -5.210000000000000187e-01
9.000000000000007994e-03 -5.200000000000000178e-01
9.000000000000007994e-03 -5.190000000000000169e-01
9.000000000000007994e-03 -5.180000000000000160e-01
9.000000000000007994e-03 -5.170000000000000151e-01
9.000000000000007994e-03 -5.160000000000000142e-01
9.000000000000007994e-03 -5.150000000000000133e-01
9.000000000000007994e-03 -5.140000000000000124e-01
9.000000000000007994e-03 -5.130000000000000115e-01
9.000000000000007994e-03 -5.120000000000000107e-01
9.000000000000007994e-03 -5.110000000000000098e-01
9.000000000000007994e-03 -5.100000000000000089e-01
9.000000000000007994e-03 -5.090000000000000080e-01
9.000000000000007994e-03 -5.080000000000000071e-01
9.000000000000007994e-03 -5.070000000000000062e-01
9.000000000000007994e-03 -5.060000000000000053e-01
9.000000000000007994e-03 -5.050000000000000044e-01
9.000000000000007994e-03 -5.040000000000000036e-01
9.000000000000007994e-03 -5.030000000000000027e-01
9.000000000000007994e-03 -5.020000000000000018e-01
9.000000000000007994e-03 -5.010000000000001119e-01
9.000000000000007994e-03 -5.000000000000000000e-01
9.000000000000007994e-03 -4.990000000000000546e-01
9.000000000000007994e-03 -4.980000000000000537e-01
9.000000000000007994e-03 -4.970000000000000528e-01
1.000000000000000888e-02 -5.380000000000000338e-01
1.000000000000000888e-02 -5.270000000000000240e-01
1.000000000000000888e-02 -5.260000000000000231e-01
1.000000000000000888e-02 -5.250000000000000222e-01
1.000000000000000888e-02 -5.240000000000000213e-01
1.000000000000000888e-02 -5.230000000000000204e-01
1.000000000000000888e-02 -5.220000000000000195e-01
1.000000000000000888e-02 -5.210000000000000187e-01
1.000000000000000888e-02 -5.200000000000000178e-01
1.000000000000000888e-02 -5.190000000000000169e-01
1.000000000000000888e-02 -5.180000000000000160e-01
1.000000000000000888e-02 -5.170000000000000151e-01
1.000000000000000888e-02 -5.160000000000000142e-01
1.000000000000000888e-02 -5.150000000000000133e-01
1.000000000000000888e-02 -5.140000000000000124e-01
1.000000000000000888e-02 -5.130000000000000115e-01
1.000000000000000888e-02 -5.120000000000000107e-01
1.000000000000000888e-02 -5.110000000000000098e-01
1.000000000000000888e-02 -5.100000000000000089e-01
1.000000000000000888e-02 -5.090000000000000080e-01
1.000000000000000888e-02 -5.080000000000000071e-01
1.000000000000000888e-02 -5.070000000000000062e-01
1.000000000000000888e-02 -5.060000000000000053e-01
1.000000000000000888e-02 -5.050000000000000044e-01
1.000000000000000888e-02 -5.040000000000000036e-01
1.000000000000000888e-02 -5.030000000000000027e-01
1.000000000000000888e-02 -5.020000000000000018e-01
1.000000000000000888e-02 -5.010000000000001119e-01
1.000000000000000888e-02 -5.000000000000000000e-01
1.000000000000000888e-02 -4.990000000000000546e-01
1.100000000000000977e-02 -5.380000000000000338e-01
1.100000000000000977e-02 -5.290000000000000258e-01
1.100000000000000977e-02 -5.280000000000000249e-01
1.100000000000000977e-02 -5.270000000000000240e-01
1.100000000000000977e-02 -5.260000000000000231e-01
1.100000000000000977e-02 -5.250000000000000222e-01
1.100000000000000977e-02 -5.240000000000000213e-01
1.100000000000000977e-02 -5.230000000000000204e-01
1.100000000000000977e-02 -5.220000000000000195e-01
1.100000000000000977e-02 -5.210000000000000187e-01
1.100000000000000977e-02 -5.200000000000000178e-01
1.100000000000000977e-02 -5.190000000000000169e-01
1.100000000000000977e-02 -5.180000000000000160e-01
1.100000000000000977e-02 -5.170000000000000151e-01
1.100000000000000977e-02 -5.160000000000000142e-01
1.100000000000000977e-02 -5.150000000000000133e-01
1.100000000000000977e-02 -5.140000000000000124e-01
1.100000000000000977e-02 -5.130000000000000115e-01
1.100000000000000977e-02 -5.120000000000000107e-01
1.100000000000000977e-02 -5.110000000000000098e-01
1.100000000000000977e-02 -5.100000000000000089e-01
1.100000000000000977e-02 -5.090000000000000080e-01
1.100000000000000977e-02 -5.080000000000000071e-01
1.100000000000000977e-02 -5.070000000000000062e-01
1.100000000000000977e-02 -5.060000000000000053e-01
1.100000000000000977e-02 -5.050000000000000044e-01
1.100000000000000977e-02 -5.040000000000000036e-01
1.100000000000000977e-02 -5.030000000000000027e-01
1.100000000000000977e-02 -5.020000000000000018e-01
1.100000000000000977e-02 -5.010000000000001119e-01
1.200000000000001066e-02 -5.300000000000000266e-01
1.200000000000001066e-02 -5.290000000000000258e-01
1.200000000000001066e-02 -5.280000000000000249e-01
1.200000000000001066e-02 -5.270000000000000240e-01
1.200000000000001066e-02 -5.260000000000000231e-01
1.200000000000001066e-02 -5.250000000000000222e-01
1.200000000000001066e-02 -5.240000000000000213e-01
1.200000000000001066e-02 -5.230000000000000204e-01
1.200000000000001066e-02 -5.220000000000000195e-01
1.200000000000001066e-02 -5.210000000000000187e-01
1.200000000000001066e-02 -5.200000000000000178e-01
1.200000000000001066e-02 -5.190000000000000169e-01
1.200000000000001066e-02 -5.180000000000000160e-01
1.200000000000001066e-02 -5.170000000000000151e-01
1.200000000000001066e-02 -5.160000000000000142e-01
1.200000000000001066e-02 -5.150000000000000133e-01
1.200000000000001066e-02 -5.140000000000000124e-01
1.200000000000001066e-02 -5.130000000000000115e-01
1.200000000000001066e-02 -5.120000000000000107e-01
1.200000000000001066e-02 -5.110000000000000098e-01
1.200000000000001066e-02 -5.100000000000000089e-01
1.200000000000001066e-02 -5.090000000000000080e-01
1.200000000000001066e-02 -5.080000000000000071e-01
1.200000000000001066e-02 -5.070000000000000062e-01
1.200000000000001066e-02 -5.060000000000000053e-01
1.200000000000001066e-02 -5.050000000000000044e-01
1.200000000000001066e-02 -5.040000000000000036e-01
1.200000000000001066e-02 -5.030000000000000027e-01
1.300000000000001155e-02 -5.310000000000000275e-01
1.300000000000001155e-02 -5.300000000000000266e-01
1.300000000000001155e-02 -5.290000000000000258e-01
1.300000000000001155e-02 -5.280000000000000249e-01
1.300000000000001155e-02 -5.270000000000000240e-01
1.300000000000001155e-02 -5.260000000000000231e-01
1.300000000000001155e-02 -5.250000000000000222e-01
1.300000000000001155e-02 -5.240000000000000213e-01
1.300000000000001155e-02 -5.230000000000000204e-01
1.300000000000001155e-02 -5.220000000000000195e-01
1.300000000000001155e-02 -5.210000000000000187e-01
1.300000000000001155e-02 -5.200000000000000178e-01
1.300000000000001155e-02 -5.190000000000000169e-01
1.300000000000001155e-02 -5.180000000000000160e-01
1.300000000000001155e-02 -5.170000000000000151e-01
1.300000000000001155e-02 -5.160000000000000142e-01
1.300000000000001155e-02 -5.150000000000000133e-01
1.300000000000001155e-02 -5.140000000000000124e-01
1.300000000000001155e-02 -5.130000000000000115e-01
1.300000000000001155e-02 -5.120000000000000107e-01
1.300000000000001155e-02 -5.110000000000000098e-01
1.300000000000001155e-02 -5.100000000000000089e-01
1.300000000000001155e-02 -5.090000000000000080e-01
1.300000000000001155e-02 -5.080000000000000071e-01
1.300000000000001155e-02 -5.070000000000000062e-01
1.300000000000001155e-02 -5.060000000000000053e-01
1.300000000000001155e-02 -5.050000000000000044e-01
1.300000000000001155e-02 -5.040000000000000036e-01
1.400000000000001243e-02 -5.330000000000000293e-01
1.400000000000001243e-02 -5.320000000000000284e-01
1.400000000000001243e-02 -5.310000000000000275e-01
1.400000000000001243e-02 -5.300000000000000266e-01
1.400000000000001243e-02 -5.290000000000000258e-01
1.400000000000001243e-02 -5.280000000000000249e-01
1.400000000000001243e-02 -5.270000000000000240e-01
1.400000000000001243e-02 -5.260000000000000231e-01
1.400000000000001243e-02 -5.250000000000000222e-01
1.400000000000001243e-02 -5.240000000000000213e-01
1.400000000000001243e-02 -5.230000000000000204e-01
1.400000000000001243e-02 -5.220000000000000195e-01
1.400000000000001243e-02 -5.210000000000000187e-01
1.400000000000001243e-02 -5.200000000000000178e-01
1.400000000000001243e-02 -5.190000000000000169e-01
1.400000000000001243e-02 -5.180000000000000160e-01
1.400000000000001243e-02 -5.170000000000000151e-01
1.400000000000001243e-02 -5.160000000000000142e-01
1.400000000000001243e-02 -5.150000000000000133e-01
1.400000000000001243e-02 -5.140000000000000124e-01
1.400000000000001243e-02 -5.130000000000000115e-01
1.400000000000001243e-02 -5.120000000000000107e-01
1.400000000000001243e-02 -5.110000000000000098e-01
1.400000000000001243e-02 -5.100000000000000089e-01
1.400000000000001243e-02 -5.090000000000000080e-01
1.400000000000001243e-02 -5.080000000000000071e-01
1.400000000000001243e-02 -5.070000000000000062e-01
1.500000000000001332e-02 -5.330000000000000293e-01
1.500000000000001332e-02 -5.320000000000000284e-01
1.500000000000001332e-02 -5.310000000000000275e-01
1.500000000000001332e-02 -5.300000000000000266e-01
1.500000000000001332e-02 -5.290000000000000258e-01
1.500000000000001332e-02 -5.280000000000000249e-01
1.500000000000001332e-02 -5.270000000000000240e-01
1.500000000000001332e-02 -5.260000000000000231e-01
1.500000000000001332e-02 -5.250000000000000222e-01
1.500000000000001332e-02 -5.240000000000000213e-01
1.500000000000001332e-02 -5.230000000000000204e-01
1.500000000000001332e-02 -5.220000000000000195e-01
1.500000000000001332e-02 -5.210000000000000187e-01
1.500000000000001332e-02 -5.200000000000000178e-01
1.500000000000001332e-02 -5.190000000000000169e-01
1.500000000000001332e-02 -5.180000000000000160e-01
1.500000000000001332e-02 -5.170000000000000151e-01
1.500000000000001332e-02 -5.160000000000000142e-01
1.500000000000001332e-02 -5.150000000000000133e-01
1.500000000000001332e-02 -5.140000000000000124e-01
1.500000000000001332e-02 -5.130000000000000115e-01
1.500000000000001332e-02 -5.120000000000000107e-01
1.500000000000001332e-02 -5.110000000000000098e-01
1.500000000000001332e-02 -5.100000000000000089e-01
1.500000000000001332e-02 -5.090000000000000080e-01
1.600000000000001421e-02 -5.330000000000000293e-01
1.600000000000001421e-02 -5.320000000000000284e-01
1.600000000000001421e-02 -5.310000000000000275e-01
1.600000000000001421e-02 -5.300000000000000266e-01
1.600000000000001421e-02 -5.290000000000000258e-01
1.600000000000001421e-02 -5.280000000000000249e-01
1.600000000000001421e-02 -5.270000000000000240e-01
1.600000000000001421e-02 -5.260000000000000231e-01
1.600000000000001421e-02 -5.250000000000000222e-01
1.600000000000001421e-02 -5.240000000000000213e-01
1.600000000000001421e-02 -5.230000000000000204e-01
1.600000000000001421e-02 -5.220000000000000195e-01
1.600000000000001421e-02 -5.210000000000000187e-01
1.600000000000001421e-02 -5.200000000000000178e-01
1.600000000000001421e-02 -5.190000000000000169e-01
1.600000000000001421e-02 -5.180000000000000160e-01
1.600000000000001421e-02 -5.170000000000000151e-01
1.600000000000001421e-02 -5.160000000000000142e-01
1.600000000000001421e-02 -5.150000000000000133e-01
1.600000000000001421e-02 -5.140000000000000124e-01
1.600000000000001421e-02 -5.130000000000000115e-01
1.600000000000001421e-02 -5.120000000000000107e-01
1.600000000000001421e-02 -5.110000000000000098e-01
1.700000000000001510e-02 -5.330000000000000293e-01
1.700000000000001510e-02 -5.320000000000000284e-01
1.700000000000001510e-02 -5.310000000000000275e-01
1.700000000000001510e-02 -5.300000000000000266e-01
1.700000000000001510e-02 -5.290000000000000258e-01
1.700000000000001510e-02 -5.280000000000000249e-01
1.700000000000001510e-02 -5.270000000000000240e-01
1.700000000000001510e-02 -5.260000000000000231e-01
1.700000000000001510e-02 -5.250000000000000222e-01
1.700000000000001510e-02 -5.240000000000000213e-01
1.700000000000001510e-02 -5.230000000000000204e-01
1.700000000000001510e-02 -5.220000000000000195e-01
1.700000000000001510e-02 -5.210000000000000187e-01
1.700000000000001510e-02 -5.200000000000000178e-01
1.700000000000001510e-02 -5.190000000000000169e-01
1.700000000000001510e-02 -5.180000000000000160e-01
1.700000000000001510e-02 -5.170000000000000151e-01
1.700000000000001510e-02 -5.160000000000000142e-01
1.700000000000001510e-02 -5.150000000000000133e-01
1.700000000000001510e-02 -5.140000000000000124e-01
1.700000000000001510e-02 -5.130000000000000115e-01
1.700000000000001510e-02 -5.120000000000000107e-01
1.800000000000001599e-02 -5.330000000000000293e-01
1.800000000000001599e-02 -5.320000000000000284e-01
1.800000000000001599e-02 -5.310000000000000275e-01
1.800000000000001599e-02 -5.300000000000000266e-01
1.800000000000001599e-02 -5.290000000000000258e-01
1.800000000000001599e-02 -5.280000000000000249e-01
1.800000000000001599e-02 -5.270000000000000240e-01
1.800000000000001599e-02 -5.260000000000000231e-01
1.800000000000001599e-02 -5.250000000000000222e-01
1.800000000000001599e-02 -5.240000000000000213e-01
1.800000000000001599e-02 -5.230000000000000204e-01
1.800000000000001599e-02 -5.220000000000000195e-01
1.800000000000001599e-02 -5.210000000000000187e-01
1.800000000000001599e-02 -5.200000000000000178e-01
1.800000000000001599e-02 -5.190000000000000169e-01
1.800000000000001599e-02 -5.180000000000000160e-01
1.800000000000001599e-02 -5.170000000000000151e-01
1.800000000000001599e-02 -5.160000000000000142e-01
1.800000000000001599e-02 -5.150000000000000133e-01
1.900000000000001688e-02 -5.340000000000000302e-01
1.900000000000001688e-02 -5.330000000000000293e-01
1.900000000000001688e-02 -5.320000000000000284e-01
1.900000000000001688e-02 -5.310000000000000275e-01
1.900000000000001688e-02 -5.300000000000000266e-01
1.900000000000001688e-02 -5.290000000000000258e-01
1.900000000000001688e-02 -5.280000000000000249e-01
1.900000000000001688e-02 -5.270000000000000240e-01
1.900000000000001688e-02 -5.260000000000000231e-01
1.900000000000001688e-02 -5.250000000000000222e-01
1.900000000000001688e-02 -5.240000000000000213e-01
1.900000000000001688e-02 -5.230000000000000204e-01
1.900000000000001688e-02 -5.220000000000000195e-01
1.900000000000001688e-02 -5.210000000000000187e-01
1.900000000000001688e-02 -5.200000000000000178e-01
1.900000000000001688e-02 -5.190000000000000169e-01
1.900000000000001688e-02 -5.180000000000000160e-01
1.900000000000001688e-02 -5.170000000000000151e-01
2.000000000000001776e-02 -5.330000000000000293e-01
2.000000000000001776e-02 -5.320000000000000284e-01
2.000000000000001776e-02 -5.310000000000000275e-01
2.000000000000001776e-02 -5.300000000000000266e-01
2.000000000000001776e-02 -5.290000000000000258e-01
2.000000000000001776e-02 -5.280000000000000249e-01
2.000000000000001776e-02 -5.270000000000000240e-01
2.000000000000001776e-02 -5.260000000000000231e-01
2.000000000000001776e-02 -5.250000000000000222e-01
2.000000000000001776e-02 -5.240000000000000213e-01
2.000000000000001776e-02 -5.230000000000000204e-01
2.000000000000001776e-02 -5.220000000000000195e-01
2.000000000000001776e-02 -5.210000000000000187e-01
2.000000000000001776e-02 -5.200000000000000178e-01
2.000000000000001776e-02 -5.190000000000000169e-01
2.000000000000001776e-02 -5.180000000000000160e-01
2.100000000000001865e-02 -5.330000000000000293e-01
2.100000000000001865e-02 -5.320000000000000284e-01
2.100000000000001865e-02 -5.310000000000000275e-01
2.100000000000001865e-02 -5.300000000000000266e-01
2.100000000000001865e-02 -5.290000000000000258e-01
2.100000000000001865e-02 -5.280000000000000249e-01
2.100000000000001865e-02 -5.270000000000000240e-01
2.100000000000001865e-02 -5.260000000000000231e-01
2.100000000000001865e-02 -5.250000000000000222e-01
2.100000000000001865e-02 -5.240000000000000213e-01
2.100000000000001865e-02 -5.230000000000000204e-01
2.100000000000001865e-02 -5.220000000000000195e-01
2.100000000000001865e-02 -5.210000000000000187e-01
2.100000000000001865e-02 -5.200000000000000178e-01
2.200000000000001954e-02 -5.330000000000000293e-01
2.200000000000001954e-02 -5.320000000000000284e-01
2.200000000000001954e-02 -5.310000000000000275e-01
2.200000000000001954e-02 -5.300000000000000266e-01
2.200000000000001954e-02 -5.290000000000000258e-01
2.200000000000001954e-02 -5.280000000000000249e-01
2.200000000000001954e-02 -5.270000000000000240e-01
2.200000000000001954e-02 -5.260000000000000231e-01
2.200000000000001954e-02 -5.250000000000000222e-01
2.200000000000001954e-02 -5.240000000000000213e-01
2.200000000000001954e-02 -5.230000000000000204e-01
2.200000000000001954e-02 -5.220000000000000195e-01
2.300000000000002043e-02 -5.330000000000000293e-01
2.300000000000002043e-02 -5.320000000000000284e-01
2.300000000000002043e-02 -5.310000000000000275e-01
2.300000000000002043e-02 -5.300000000000000266e-01
2.300000000000002043e-02 -5.290000000000000258e-01
2.300000000000002043e-02 -5.280000000000000249e-01
2.300000000000002043e-02 -5.270000000000000240e-01
2.300000000000002043e-02 -5.260000000000000231e-01
2.300000000000002043e-02 -5.250000000000000222e-01
2.400000000000002132e-02 -5.330000000000000293e-01
2.400000000000002132e-02 -5.320000000000000284e-01
2.400000000000002132e-02 -5.310000000000000275e-01
2.400000000000002132e-02 -5.300000000000000266e-01
2.400000000000002132e-02 -5.290000000000000258e-01
2.400000000000002132e-02 -5.280000000000000249e-01
2.400000000000002132e-02 -5.270000000000000240e-01
2.400000000000002132e-02 -5.260000000000000231e-01
2.500000000000002220e-02 -5.310000000000000275e-01
2.500000000000002220e-02 -5.300000000000000266e-01
2.500000000000002220e-02 -5.290000000000000258e-01
2.500000000000002220e-02 -5.280000000000000249e-01
