plan: GRTC-Heur time_to_plan: 7.302610635757446
actions
[0.0, 1.0, 0], 0.1228622397626346
[0.0, -1.0, 0], 0.0034622397626477563
[0.9860295419038858, 0.16657053308677713, 0], 0.22755765559237254
[-0.986029541903875, -0.1665705330868403, 0], 0.0067576555923547586
actions
[0.0, 1.0, 0], 0.09096883454703047
[0.0, -1.0, 0], 0.005468834547039891
[0.8204586908809404, 0.5717058129474751, 0], 0.06691088824386915
[-0.8204586908809146, -0.5717058129475122, 0], 0.008410888243858279
actions
[0.0, -1.0, 0], 0.04451748453940518
[0.0, 1.0, 0], 0.002017484539409864
[0.7463073711920728, 0.6656014631176661, 0], 0.03967876897392545
[-0.7463073711917542, -0.6656014631180232, 0], 0.0036787689739213804
actions
[0.0, 1.0, 0], 0.07828081746048729
[0.0, -1.0, 0], 0.0055808174604952965
[0.07110736125510733, 0.997468667766229, 0], 0.0421370794311632
[-0.07110736125523098, -0.9974686677662201, 0], 0.007737079431162059
actions
[0.0, -1.0, 0], 0.07792853726318985
[0.0, 1.0, 0], 0.00422853726319794
[0.10008673546388325, 0.994978716045817, 0], 0.02676575038908184
[-0.10008673546361138, -0.9949787160458444, 0], 0.003365750389084443
actions
[0.0, 1.0, 0], 0.0803125575427826
[0.0, -1.0, 0], 0.006112557542790775
[0.049735837703500436, 0.9987624074062516, 0], 0.0420292575734262
[-0.04973583770602176, -0.998762407406126, 0], 0.0006292575734281584
actions
[0.0, -1.0, 0], 0.07949671718463819
[0.0, 1.0, 0], 0.006396717184646239
[0.009571130622948003, 0.9999541956802814, 0], 0.026849399766767437
[-0.009571130623264016, -0.9999541956802784, 0], 0.005849399766771089
