plan: GRTC-Heur time_to_plan: 37.67919945716858
actions
[0.0, -1.0, 0], 0.18082475110204732
[0.0, 1.0, 0], 0.009524751102066187
[0.9250728016484328, 0.37978982562770086, 0], 0.023475352414368697
[-0.925072801648405, -0.37978982562776814, 0], 0.009475352414367175
actions
[0.0, -1.0, 0], 0.0656431178044597
[0.0, 1.0, 0], 0.00974311780446585
[0.9977880596269461, 0.06647546965530862, 0], 0.16958305436776122
[-0.9977880596269484, -0.06647546965527429, 0], 0.009683054367784138
actions
[0.0, -1.0, 0], 0.09140290766383591
[0.0, 1.0, 0], 0.009602907663844917
[0.9671517477303181, 0.2541997184541932, 0], 0.04429230779280147
[-0.9671517477302698, -0.2541997184543772, 0], 0.009592307792793863
actions
[0.0, -1.0, 0], 0.07784967841534751
[0.0, 1.0, 0], 0.009649678415355023
[0.9630815362490083, 0.2692098708001808, 0], 0.045724730598638935
[-0.9630815362489348, -0.26920987080044395, 0], 0.009624730598626674
