actions
[4.537890911755785e-12, -1.0, 0], 0.11271309896846102
[0.999997493011304, 0.0022391898327423043, 0], 0.06313235303701124
[-0.0005626789520961036, 0.9999998416961858, 0], 0.09836468944699746
actions
[5.0841932883431514e-06, -0.9999999999870754, 0], 0.09453675439239208
[0.9997442654371957, -0.02261423722883528, 0], 0.14042086203259238
[0.0016614425258643464, 0.9999986198034142, 0], 0.09996324259419774
actions
[-0.00013975715418514462, -0.9999999902339689, 0], 0.029932573926724774
[0.9934980650870568, -0.11384899941709829, 0], 0.06540899944475771
[0.0026843773428211724, -0.9999963970526501, 0], 0.07778196267157395
actions
[0.000996637303299445, 0.9999995033569195, 0], 0.03599212656974126
[0.9962243659740512, 0.08681596995714373, 0], 0.11587405352140559
[0.006221910665820481, 0.9999806437265005, 0], 0.06989851697173635
