plan: GRTC-Heur time_to_plan: 63.94415044784546
actions
[0.0, -1.0, 0], 0.13527141796982572
[0.0, 1.0, 0], 0.009771417969839546
[0.9363966004142724, 0.350943594802061, 0], 0.03822380632867062
[-0.9363966004142594, -0.3509435948020962, 0], 0.009723806328665398
actions
[0.0, 1.0, 0], 0.08699615948772549
[0.0, -1.0, 0], 0.00989615948773398
[0.964380771143038, 0.2645179166891333, 0], 0.11079313014233784
[-0.9643807711430871, -0.2645179166889546, 0], 0.009893130142350234
actions
[0.0, -1.0, 0], 0.07461273612054237
[0.0, 1.0, 0], 0.009712736120549514
[0.9351990758020572, 0.35412242038450253, 0], 0.04299551813946618
[-0.9351990758020784, -0.3541224203844459, 0], 0.009795518139461161
actions
[0.0, -1.0, 0], 0.07334893502883272
[0.0, 1.0, 0], 0.009648935028839734
[0.9271228493677011, 0.37475755119852516, 0], 0.044308536677886305
[-0.9271228493677447, -0.37475755119841714, 0], 0.009708536677877983
actions
[0.0, -1.0, 0], 0.08621223740015677
[0.0, 1.0, 0], 0.009512237400165213
[0.9777185067857704, 0.209920274124734, 0], 0.08083539073051704
[-0.9777185067857387, -0.20992027412488146, 0], 0.009635390730495257
actions
[0.0, -1.0, 0], 0.017483210755287193
[0.0, 1.0, 0], 0.009483210755288074
[0.9624546224616136, 0.27144262690718424, 0], 0.08978872362533936
[-0.9624546224616417, -0.2714426269070845, 0], 0.009688723625323086
