-2.099999999999999090e-02 -5.210000000000000187e-01
-2.099999999999999090e-02 -5.200000000000000178e-01
-2.099999999999999090e-02 -5.190000000000000169e-01
-1.999999999999999001e-02 -5.220000000000000195e-01
-1.999999999999999001e-02 -5.210000000000000187e-01
-1.999999999999999001e-02 -5.200000000000000178e-01
-1.999999999999999001e-02 -5.190000000000000169e-01
-1.899999999999998912e-02 -5.230000000000000204e-01
-1.899999999999998912e-02 -5.220000000000000195e-01
-1.899999999999998912e-02 -5.210000000000000187e-01
-1.899999999999998912e-02 -5.200000000000000178e-01
-1.899999999999998912e-02 -5.190000000000000169e-01
-1.899999999999998912e-02 -5.180000000000000160e-01
-1.899999999999998912e-02 -5.170000000000000151e-01
-1.899999999999998912e-02 -5.160000000000000142e-01
-1.799999999999998823e-02 -5.220000000000000195e-01
-1.799999999999998823e-02 -5.210000000000000187e-01
-1.799999999999998823e-02 -5.200000000000000178e-01
-1.799999999999998823e-02 -5.190000000000000169e-01
-1.799999999999998823e-02 -5.180000000000000160e-01
-1.799999999999998823e-02 -5.170000000000000151e-01
-1.799999999999998823e-02 -5.160000000000000142e-01
-1.699999999999998734e-02 -5.220000000000000195e-01
-1.699999999999998734e-02 -5.210000000000000187e-01
-1.699999999999998734e-02 -5.200000000000000178e-01
-1.699999999999998734e-02 -5.190000000000000169e-01
-1.699999999999998734e-02 -5.180000000000000160e-01
-1.699999999999998734e-02 -5.170000000000000151e-01
-1.699999999999998734e-02 -5.160000000000000142e-01
-1.699999999999998734e-02 -5.150000000000000133e-01
-1.699999999999998734e-02 -5.140000000000000124e-01
-1.699999999999998734e-02 -5.130000000000000115e-01
-1.699999999999998734e-02 -4.840000000000000413e-01
-1.699999999999998734e-02 -4.830000000000000404e-01
-1.699999999999998734e-02 -4.820000000000000395e-01
-1.699999999999998734e-02 -4.810000000000000386e-01
-1.599999999999998646e-02 -5.220000000000000195e-01
-1.599999999999998646e-02 -5.210000000000000187e-01
-1.599999999999998646e-02 -5.200000000000000178e-01
-1.599999999999998646e-02 -5.190000000000000169e-01
-1.599999999999998646e-02 -5.180000000000000160e-01
-1.599999999999998646e-02 -5.170000000000000151e-01
-1.599999999999998646e-02 -5.160000000000000142e-01
-1.599999999999998646e-02 -5.150000000000000133e-01
-1.599999999999998646e-02 -5.140000000000000124e-01
-1.599999999999998646e-02 -5.130000000000000115e-01
-1.599999999999998646e-02 -5.120000000000000107e-01
-1.599999999999998646e-02 -4.860000000000000431e-01
-1.599999999999998646e-02 -4.850000000000000422e-01
-1.599999999999998646e-02 -4.840000000000000413e-01
-1.599999999999998646e-02 -4.830000000000000404e-01
-1.599999999999998646e-02 -4.820000000000000395e-01
-1.599999999999998646e-02 -4.810000000000000386e-01
-1.499999999999998557e-02 -5.220000000000000195e-01
-1.499999999999998557e-02 -5.210000000000000187e-01
-1.499999999999998557e-02 -5.200000000000000178e-01
-1.499999999999998557e-02 -5.190000000000000169e-01
-1.499999999999998557e-02 -5.180000000000000160e-01
-1.499999999999998557e-02 -5.170000000000000151e-01
-1.499999999999998557e-02 -5.160000000000000142e-01
-1.499999999999998557e-02 -5.150000000000000133e-01
-1.499999999999998557e-02 -5.140000000000000124e-01
-1.499999999999998557e-02 -5.130000000000000115e-01
-1.499999999999998557e-02 -5.120000000000000107e-01
-1.499999999999998557e-02 -5.110000000000000098e-01
-1.499999999999998557e-02 -5.100000000000000089e-01
-1.499999999999998557e-02 -4.890000000000000457e-01
-1.499999999999998557e-02 -4.880000000000000449e-01
-1.499999999999998557e-02 -4.870000000000000440e-01
-1.499999999999998557e-02 -4.860000000000000431e-01
-1.499999999999998557e-02 -4.850000000000000422e-01
-1.499999999999998557e-02 -4.840000000000000413e-01
-1.499999999999998557e-02 -4.830000000000000404e-01
-1.499999999999998557e-02 -4.820000000000000395e-01
-1.499999999999998557e-02 -4.810000000000000386e-01
-1.399999999999998468e-02 -5.230000000000000204e-01
-1.399999999999998468e-02 -5.220000000000000195e-01
-1.399999999999998468e-02 -5.210000000000000187e-01
-1.399999999999998468e-02 -5.200000000000000178e-01
-1.399999999999998468e-02 -5.190000000000000169e-01
-1.399999999999998468e-02 -5.180000000000000160e-01
-1.399999999999998468e-02 -5.170000000000000151e-01
-1.399999999999998468e-02 -5.160000000000000142e-01
-1.399999999999998468e-02 -5.150000000000000133e-01
-1.399999999999998468e-02 -5.140000000000000124e-01
-1.399999999999998468e-02 -5.130000000000000115e-01
-1.399999999999998468e-02 -5.120000000000000107e-01
-1.399999999999998468e-02 -5.110000000000000098e-01
-1.399999999999998468e-02 -5.100000000000000089e-01
-1.399999999999998468e-02 -4.900000000000000466e-01
-1.399999999999998468e-02 -4.890000000000000457e-01
-1.399999999999998468e-02 -4.880000000000000449e-01
-1.399999999999998468e-02 -4.870000000000000440e-01
-1.399999999999998468e-02 -4.860000000000000431e-01
-1.399999999999998468e-02 -4.850000000000000422e-01
-1.399999999999998468e-02 -4.840000000000000413e-01
-1.399999999999998468e-02 -4.830000000000000404e-01
-1.399999999999998468e-02 -4.820000000000000395e-01
-1.399999999999998468e-02 -4.810000000000000386e-01
-1.399999999999998468e-02 -4.800000000000000377e-01
-1.299999999999998379e-02 -5.230000000000000204e-01
-1.299999999999998379e-02 -5.220000000000000195e-01
-1.299999999999998379e-02 -5.210000000000000187e-01
-1.299999999999998379e-02 -5.200000000000000178e-01
-1.299999999999998379e-02 -5.190000000000000169e-01
-1.299999999999998379e-02 -5.180000000000000160e-01
-1.299999999999998379e-02 -5.170000000000000151e-01
-1.299999999999998379e-02 -5.160000000000000142e-01
-1.299999999999998379e-02 -5.150000000000000133e-01
-1.299999999999998379e-02 -5.140000000000000124e-01
-1.299999999999998379e-02 -5.130000000000000115e-01
-1.299999999999998379e-02 -5.120000000000000107e-01
-1.299999999999998379e-02 -5.110000000000000098e-01
-1.299999999999998379e-02 -5.100000000000000089e-01
-1.299999999999998379e-02 -5.090000000000000080e-01
-1.299999999999998379e-02 -5.080000000000000071e-01
-1.299999999999998379e-02 -5.070000000000000062e-01
-1.299999999999998379e-02 -4.910000000000000475e-01
-1.299999999999998379e-02 -4.900000000000000466e-01
-1.299999999999998379e-02 -4.890000000000000457e-01
-1.299999999999998379e-02 -4.880000000000000449e-01
-1.299999999999998379e-02 -4.870000000000000440e-01
-1.299999999999998379e-02 -4.860000000000000431e-01
-1.299999999999998379e-02 -4.850000000000000422e-01
-1.299999999999998379e-02 -4.840000000000000413e-01
-1.299999999999998379e-02 -4.830000000000000404e-01
-1.299999999999998379e-02 -4.820000000000000395e-01
-1.299999999999998379e-02 -4.810000000000000386e-01
-1.299999999999998379e-02 -4.800000000000000377e-01
-1.199999999999998290e-02 -5.230000000000000204e-01
-1.199999999999998290e-02 -5.220000000000000195e-01
-1.199999999999998290e-02 -5.210000000000000187e-01
-1.199999999999998290e-02 -5.200000000000000178e-01
-1.199999999999998290e-02 -5.190000000000000169e-01
-1.199999999999998290e-02 -5.180000000000000160e-01
-1.199999999999998290e-02 -5.170000000000000151e-01
-1.199999999999998290e-02 -5.160000000000000142e-01
-1.199999999999998290e-02 -5.150000000000000133e-01
-1.199999999999998290e-02 -5.140000000000000124e-01
-1.199999999999998290e-02 -5.130000000000000115e-01
-1.199999999999998290e-02 -5.120000000000000107e-01
-1.199999999999998290e-02 -5.110000000000000098e-01
-1.199999999999998290e-02 -5.100000000000000089e-01
-1.199999999999998290e-02 -5.090000000000000080e-01
-1.199999999999998290e-02 -5.080000000000000071e-01
-1.199999999999998290e-02 -5.070000000000000062e-01
-1.199999999999998290e-02 -5.060000000000000053e-01
-1.199999999999998290e-02 -4.920000000000000484e-01
-1.199999999999998290e-02 -4.910000000000000475e-01
-1.199999999999998290e-02 -4.900000000000000466e-01
-1.199999999999998290e-02 -4.890000000000000457e-01
-1.199999999999998290e-02 -4.880000000000000449e-01
-1.199999999999998290e-02 -4.870000000000000440e-01
-1.199999999999998290e-02 -4.860000000000000431e-01
-1.199999999999998290e-02 -4.850000000000000422e-01
-1.199999999999998290e-02 -4.840000000000000413e-01
-1.199999999999998290e-02 -4.830000000000000404e-01
-1.199999999999998290e-02 -4.820000000000000395e-01
-1.199999999999998290e-02 -4.810000000000000386e-01
-1.199999999999998290e-02 -4.800000000000000377e-01
-1.099999999999998201e-02 -5.230000000000000204e-01
-1.099999999999998201e-02 -5.220000000000000195e-01
-1.099999999999998201e-02 -5.210000000000000187e-01
-1.099999999999998201e-02 -5.200000000000000178e-01
-1.099999999999998201e-02 -5.190000000000000169e-01
-1.099999999999998201e-02 -5.180000000000000160e-01
-1.099999999999998201e-02 -5.170000000000000151e-01
-1.099999999999998201e-02 -5.160000000000000142e-01
-1.099999999999998201e-02 -5.150000000000000133e-01
-1.099999999999998201e-02 -5.140000000000000124e-01
-1.099999999999998201e-02 -5.130000000000000115e-01
-1.099999999999998201e-02 -5.120000000000000107e-01
-1.099999999999998201e-02 -5.110000000000000098e-01
-1.099999999999998201e-02 -5.100000000000000089e-01
-1.099999999999998201e-02 -5.090000000000000080e-01
-1.099999999999998201e-02 -5.080000000000000071e-01
-1.099999999999998201e-02 -5.070000000000000062e-01
-1.099999999999998201e-02 -5.060000000000000053e-01
-1.099999999999998201e-02 -5.050000000000000044e-01
-1.099999999999998201e-02 -5.040000000000000036e-01
-1.099999999999998201e-02 -4.960000000000000520e-01
-1.099999999999998201e-02 -4.950000000000000511e-01
-1.099999999999998201e-02 -4.940000000000000502e-01
-1.099999999999998201e-02 -4.930000000000000493e-01
-1.099999999999998201e-02 -4.920000000000000484e-01
-1.099999999999998201e-02 -4.910000000000000475e-01
-1.099999999999998201e-02 -4.900000000000000466e-01
-1.099999999999998201e-02 -4.890000000000000457e-01
-1.099999999999998201e-02 -4.880000000000000449e-01
-1.099999999999998201e-02 -4.870000000000000440e-01
-1.099999999999998201e-02 -4.860000000000000431e-01
-1.099999999999998201e-02 -4.850000000000000422e-01
-1.099999999999998201e-02 -4.840000000000000413e-01
-1.099999999999998201e-02 -4.830000000000000404e-01
-1.099999999999998201e-02 -4.820000000000000395e-01
-1.099999999999998201e-02 -4.810000000000000386e-01
-1.099999999999998201e-02 -4.800000000000000377e-01
-9.999999999999981126e-03 -5.220000000000000195e-01
-9.999999999999981126e-03 -5.210000000000000187e-01
-9.999999999999981126e-03 -5.200000000000000178e-01
-9.999999999999981126e-03 -5.190000000000000169e-01
-9.999999999999981126e-03 -5.180000000000000160e-01
-9.999999999999981126e-03 -5.170000000000000151e-01
-9.999999999999981126e-03 -5.160000000000000142e-01
-9.999999999999981126e-03 -5.150000000000000133e-01
-9.999999999999981126e-03 -5.140000000000000124e-01
-9.999999999999981126e-03 -5.130000000000000115e-01
-9.999999999999981126e-03 -5.120000000000000107e-01
-9.999999999999981126e-03 -5.110000000000000098e-01
-9.999999999999981126e-03 -5.100000000000000089e-01
-9.999999999999981126e-03 -5.090000000000000080e-01
-9.999999999999981126e-03 -5.080000000000000071e-01
-9.999999999999981126e-03 -5.070000000000000062e-01
-9.999999999999981126e-03 -5.060000000000000053e-01
-9.999999999999981126e-03 -5.050000000000000044e-01
-9.999999999999981126e-03 -5.040000000000000036e-01
-9.999999999999981126e-03 -5.030000000000000027e-01
-9.999999999999981126e-03 -4.970000000000000528e-01
-9.999999999999981126e-03 -4.960000000000000520e-01
-9.999999999999981126e-03 -4.950000000000000511e-01
-9.999999999999981126e-03 -4.940000000000000502e-01
-9.999999999999981126e-03 -4.930000000000000493e-01
-9.999999999999981126e-03 -4.920000000000000484e-01
-9.999999999999981126e-03 -4.910000000000000475e-01
-9.999999999999981126e-03 -4.900000000000000466e-01
-9.999999999999981126e-03 -4.890000000000000457e-01
-9.999999999999981126e-03 -4.880000000000000449e-01
-9.999999999999981126e-03 -4.870000000000000440e-01
-9.999999999999981126e-03 -4.860000000000000431e-01
-9.999999999999981126e-03 -4.850000000000000422e-01
-9.999999999999981126e-03 -4.840000000000000413e-01
-9.999999999999981126e-03 -4.830000000000000404e-01
-9.999999999999981126e-03 -4.820000000000000395e-01
-9.999999999999981126e-03 -4.810000000000000386e-01
-9.999999999999981126e-03 -4.800000000000000377e-01
-8.999999999999980238e-03 -5.220000000000000195e-01
-8.999999999999980238e-03 -5.210000000000000187e-01
-8.999999999999980238e-03 -5.200000000000000178e-01
-8.999999999999980238e-03 -5.190000000000000169e-01
-8.999999999999980238e-03 -5.180000000000000160e-01
-8.999999999999980238e-03 -5.170000000000000151e-01
-8.999999999999980238e-03 -5.160000000000000142e-01
-8.999999999999980238e-03 -5.150000000000000133e-01
-8.999999999999980238e-03 -5.140000000000000124e-01
-8.999999999999980238e-03 -5.130000000000000115e-01
-8.999999999999980238e-03 -5.120000000000000107e-01
-8.999999999999980238e-03 -5.110000000000000098e-01
-8.999999999999980238e-03 -5.100000000000000089e-01
-8.999999999999980238e-03 -5.090000000000000080e-01
-8.999999999999980238e-03 -5.080000000000000071e-01
-8.999999999999980238e-03 -5.070000000000000062e-01
-8.999999999999980238e-03 -5.060000000000000053e-01
-8.999999999999980238e-03 -5.050000000000000044e-01
-8.999999999999980238e-03 -5.040000000000000036e-01
-8.999999999999980238e-03 -5.030000000000000027e-01
-8.999999999999980238e-03 -5.020000000000000018e-01
-8.999999999999980238e-03 -5.010000000000001119e-01
-8.999999999999980238e-03 -5.000000000000000000e-01
-8.999999999999980238e-03 -4.990000000000000546e-01
-8.999999999999980238e-03 -4.980000000000000537e-01
-8.999999999999980238e-03 -4.970000000000000528e-01
-8.999999999999980238e-03 -4.960000000000000520e-01
-8.999999999999980238e-03 -4.950000000000000511e-01
-8.999999999999980238e-03 -4.940000000000000502e-01
-8.999999999999980238e-03 -4.930000000000000493e-01
-8.999999999999980238e-03 -4.920000000000000484e-01
-8.999999999999980238e-03 -4.910000000000000475e-01
-8.999999999999980238e-03 -4.900000000000000466e-01
-8.999999999999980238e-03 -4.890000000000000457e-01
-8.999999999999980238e-03 -4.880000000000000449e-01
-8.999999999999980238e-03 -4.870000000000000440e-01
-8.999999999999980238e-03 -4.860000000000000431e-01
-8.999999999999980238e-03 -4.850000000000000422e-01
-8.999999999999980238e-03 -4.840000000000000413e-01
-8.999999999999980238e-03 -4.830000000000000404e-01
-8.999999999999980238e-03 -4.820000000000000395e-01
-8.999999999999980238e-03 -4.810000000000000386e-01
-8.999999999999980238e-03 -4.800000000000000377e-01
-7.999999999999979350e-03 -5.200000000000000178e-01
-7.999999999999979350e-03 -5.190000000000000169e-01
-7.999999999999979350e-03 -5.180000000000000160e-01
-7.999999999999979350e-03 -5.170000000000000151e-01
-7.999999999999979350e-03 -5.160000000000000142e-01
-7.999999999999979350e-03 -5.150000000000000133e-01
-7.999999999999979350e-03 -5.140000000000000124e-01
-7.999999999999979350e-03 -5.130000000000000115e-01
-7.999999999999979350e-03 -5.120000000000000107e-01
-7.999999999999979350e-03 -5.110000000000000098e-01
-7.999999999999979350e-03 -5.100000000000000089e-01
-7.999999999999979350e-03 -5.090000000000000080e-01
-7.999999999999979350e-03 -5.080000000000000071e-01
-7.999999999999979350e-03 -5.070000000000000062e-01
-7.999999999999979350e-03 -5.060000000000000053e-01
-7.999999999999979350e-03 -5.050000000000000044e-01
-7.999999999999979350e-03 -5.040000000000000036e-01
-7.999999999999979350e-03 -5.030000000000000027e-01
-7.999999999999979350e-03 -5.020000000000000018e-01
-7.999999999999979350e-03 -5.010000000000001119e-01
-7.999999999999979350e-03 -5.000000000000000000e-01
-7.999999999999979350e-03 -4.990000000000000546e-01
-7.999999999999979350e-03 -4.980000000000000537e-01
-7.999999999999979350e-03 -4.970000000000000528e-01
-7.999999999999979350e-03 -4.960000000000000520e-01
-7.999999999999979350e-03 -4.950000000000000511e-01
-7.999999999999979350e-03 -4.940000000000000502e-01
-7.999999999999979350e-03 -4.930000000000000493e-01
-7.999999999999979350e-03 -4.920000000000000484e-01
-7.999999999999979350e-03 -4.910000000000000475e-01
-7.999999999999979350e-03 -4.900000000000000466e-01
-7.999999999999979350e-03 -4.890000000000000457e-01
-7.999999999999979350e-03 -4.880000000000000449e-01
-7.999999999999979350e-03 -4.870000000000000440e-01
-7.999999999999979350e-03 -4.860000000000000431e-01
-7.999999999999979350e-03 -4.850000000000000422e-01
-7.999999999999979350e-03 -4.840000000000000413e-01
-7.999999999999979350e-03 -4.830000000000000404e-01
-7.999999999999979350e-03 -4.820000000000000395e-01
-7.999999999999979350e-03 -4.810000000000000386e-01
-7.999999999999979350e-03 -4.800000000000000377e-01
-6.999999999999978462e-03 -5.190000000000000169e-01
-6.999999999999978462e-03 -5.180000000000000160e-01
-6.999999999999978462e-03 -5.170000000000000151e-01
-6.999999999999978462e-03 -5.160000000000000142e-01
-6.999999999999978462e-03 -5.150000000000000133e-01
-6.999999999999978462e-03 -5.140000000000000124e-01
-6.999999999999978462e-03 -5.130000000000000115e-01
-6.999999999999978462e-03 -5.120000000000000107e-01
-6.999999999999978462e-03 -5.110000000000000098e-01
-6.999999999999978462e-03 -5.100000000000000089e-01
-6.999999999999978462e-03 -5.090000000000000080e-01
-6.999999999999978462e-03 -5.080000000000000071e-01
-6.999999999999978462e-03 -5.070000000000000062e-01
-6.999999999999978462e-03 -5.060000000000000053e-01
-6.999999999999978462e-03 -5.050000000000000044e-01
-6.999999999999978462e-03 -5.040000000000000036e-01
-6.999999999999978462e-03 -5.030000000000000027e-01
-6.999999999999978462e-03 -5.020000000000000018e-01
-6.999999999999978462e-03 -5.010000000000001119e-01
-6.999999999999978462e-03 -5.000000000000000000e-01
-6.999999999999978462e-03 -4.990000000000000546e-01
-6.999999999999978462e-03 -4.980000000000000537e-01
-6.999999999999978462e-03 -4.970000000000000528e-01
-6.999999999999978462e-03 -4.960000000000000520e-01
-6.999999999999978462e-03 -4.950000000000000511e-01
-6.999999999999978462e-03 -4.940000000000000502e-01
-6.999999999999978462e-03 -4.930000000000000493e-01
-6.999999999999978462e-03 -4.920000000000000484e-01
-6.999999999999978462e-03 -4.910000000000000475e-01
-6.999999999999978462e-03 -4.900000000000000466e-01
-6.999999999999978462e-03 -4.890000000000000457e-01
-6.999999999999978462e-03 -4.880000000000000449e-01
-6.999999999999978462e-03 -4.870000000000000440e-01
-6.999999999999978462e-03 -4.860000000000000431e-01
-6.999999999999978462e-03 -4.850000000000000422e-01
-6.999999999999978462e-03 -4.840000000000000413e-01
-6.999999999999978462e-03 -4.830000000000000404e-01
-6.999999999999978462e-03 -4.820000000000000395e-01
-6.999999999999978462e-03 -4.810000000000000386e-01
-5.999999999999977573e-03 -5.170000000000000151e-01
-5.999999999999977573e-03 -5.160000000000000142e-01
-5.999999999999977573e-03 -5.150000000000000133e-01
-5.999999999999977573e-03 -5.140000000000000124e-01
-5.999999999999977573e-03 -5.130000000000000115e-01
-5.999999999999977573e-03 -5.120000000000000107e-01
-5.999999999999977573e-03 -5.110000000000000098e-01
-5.999999999999977573e-03 -5.100000000000000089e-01
-5.999999999999977573e-03 -5.090000000000000080e-01
-5.999999999999977573e-03 -5.080000000000000071e-01
-5.999999999999977573e-03 -5.070000000000000062e-01
-5.999999999999977573e-03 -5.060000000000000053e-01
-5.999999999999977573e-03 -5.050000000000000044e-01
-5.999999999999977573e-03 -5.040000000000000036e-01
-5.999999999999977573e-03 -5.030000000000000027e-01
-5.999999999999977573e-03 -5.020000000000000018e-01
-5.999999999999977573e-03 -5.010000000000001119e-01
-5.999999999999977573e-03 -5.000000000000000000e-01
-5.999999999999977573e-03 -4.990000000000000546e-01
-5.999999999999977573e-03 -4.980000000000000537e-01
-5.999999999999977573e-03 -4.970000000000000528e-01
-5.999999999999977573e-03 -4.960000000000000520e-01
-5.999999999999977573e-03 -4.950000000000000511e-01
-5.999999999999977573e-03 -4.940000000000000502e-01
-5.999999999999977573e-03 -4.930000000000000493e-01
-5.999999999999977573e-03 -4.920000000000000484e-01
-5.999999999999977573e-03 -4.910000000000000475e-01
-5.999999999999977573e-03 -4.900000000000000466e-01
-5.999999999999977573e-03 -4.890000000000000457e-01
-5.999999999999977573e-03 -4.880000000000000449e-01
-5.999999999999977573e-03 -4.870000000000000440e-01
-5.999999999999977573e-03 -4.860000000000000431e-01
-5.999999999999977573e-03 -4.850000000000000422e-01
-5.999999999999977573e-03 -4.840000000000000413e-01
-5.999999999999977573e-03 -4.830000000000000404e-01
-4.999999999999976685e-03 -5.150000000000000133e-01
-4.999999999999976685e-03 -5.140000000000000124e-01
-4.999999999999976685e-03 -5.130000000000000115e-01
-4.999999999999976685e-03 -5.120000000000000107e-01
-4.999999999999976685e-03 -5.110000000000000098e-01
-4.999999999999976685e-03 -5.100000000000000089e-01
-4.999999999999976685e-03 -5.090000000000000080e-01
-4.999999999999976685e-03 -5.080000000000000071e-01
-4.999999999999976685e-03 -5.070000000000000062e-01
-4.999999999999976685e-03 -5.060000000000000053e-01
-4.999999999999976685e-03 -5.050000000000000044e-01
-4.999999999999976685e-03 -5.040000000000000036e-01
-4.999999999999976685e-03 -5.030000000000000027e-01
-4.999999999999976685e-03 -5.020000000000000018e-01
-4.999999999999976685e-03 -5.010000000000001119e-01
-4.999999999999976685e-03 -5.000000000000000000e-01
-4.999999999999976685e-03 -4.990000000000000546e-01
-4.999999999999976685e-03 -4.980000000000000537e-01
-4.999999999999976685e-03 -4.970000000000000528e-01
-4.999999999999976685e-03 -4.960000000000000520e-01
-4.999999999999976685e-03 -4.950000000000000511e-01
-4.999999999999976685e-03 -4.940000000000000502e-01
-4.999999999999976685e-03 -4.930000000000000493e-01
-4.999999999999976685e-03 -4.920000000000000484e-01
-4.999999999999976685e-03 -4.910000000000000475e-01
-4.999999999999976685e-03 -4.900000000000000466e-01
-4.999999999999976685e-03 -4.890000000000000457e-01
-4.999999999999976685e-03 -4.880000000000000449e-01
-4.999999999999976685e-03 -4.870000000000000440e-01
-4.999999999999976685e-03 -4.860000000000000431e-01
-4.999999999999976685e-03 -4.850000000000000422e-01
-4.999999999999976685e-03 -4.840000000000000413e-01
-3.999999999999975797e-03 -5.140000000000000124e-01
-3.999999999999975797e-03 -5.130000000000000115e-01
-3.999999999999975797e-03 -5.120000000000000107e-01
-3.999999999999975797e-03 -5.110000000000000098e-01
-3.999999999999975797e-03 -5.100000000000000089e-01
-3.999999999999975797e-03 -5.090000000000000080e-01
-3.999999999999975797e-03 -5.080000000000000071e-01
-3.999999999999975797e-03 -5.070000000000000062e-01
-3.999999999999975797e-03 -5.060000000000000053e-01
-3.999999999999975797e-03 -5.050000000000000044e-01
-3.999999999999975797e-03 -5.040000000000000036e-01
-3.999999999999975797e-03 -5.030000000000000027e-01
-3.999999999999975797e-03 -5.020000000000000018e-01
-3.999999999999975797e-03 -5.010000000000001119e-01
-3.999999999999975797e-03 -5.000000000000000000e-01
-3.999999999999975797e-03 -4.990000000000000546e-01
-3.999999999999975797e-03 -4.980000000000000537e-01
-3.999999999999975797e-03 -4.970000000000000528e-01
-3.999999999999975797e-03 -4.960000000000000520e-01
-3.999999999999975797e-03 -4.950000000000000511e-01
-3.999999999999975797e-03 -4.940000000000000502e-01
-3.999999999999975797e-03 -4.930000000000000493e-01
-3.999999999999975797e-03 -4.920000000000000484e-01
-3.999999999999975797e-03 -4.910000000000000475e-01
-3.999999999999975797e-03 -4.900000000000000466e-01
-3.999999999999975797e-03 -4.890000000000000457e-01
-3.999999999999975797e-03 -4.880000000000000449e-01
-3.999999999999975797e-03 -4.870000000000000440e-01
-3.999999999999975797e-03 -4.860000000000000431e-01
-2.999999999999974909e-03 -5.120000000000000107e-01
-2.999999999999974909e-03 -5.110000000000000098e-01
-2.999999999999974909e-03 -5.100000000000000089e-01
-2.999999999999974909e-03 -5.090000000000000080e-01
-2.999999999999974909e-03 -5.080000000000000071e-01
-2.999999999999974909e-03 -5.070000000000000062e-01
-2.999999999999974909e-03 -5.060000000000000053e-01
-2.999999999999974909e-03 -5.050000000000000044e-01
-2.999999999999974909e-03 -5.040000000000000036e-01
-2.999999999999974909e-03 -5.030000000000000027e-01
-2.999999999999974909e-03 -5.020000000000000018e-01
-2.999999999999974909e-03 -5.010000000000001119e-01
-2.999999999999974909e-03 -5.000000000000000000e-01
-2.999999999999974909e-03 -4.990000000000000546e-01
-2.999999999999974909e-03 -4.980000000000000537e-01
-2.999999999999974909e-03 -4.970000000000000528e-01
-2.999999999999974909e-03 -4.960000000000000520e-01
-2.999999999999974909e-03 -4.950000000000000511e-01
-2.999999999999974909e-03 -4.940000000000000502e-01
-2.999999999999974909e-03 -4.930000000000000493e-01
-2.999999999999974909e-03 -4.920000000000000484e-01
-2.999999999999974909e-03 -4.910000000000000475e-01
-2.999999999999974909e-03 -4.900000000000000466e-01
-2.999999999999974909e-03 -4.890000000000000457e-01
-2.999999999999974909e-03 -4.880000000000000449e-01
-2.999999999999974909e-03 -4.870000000000000440e-01
-1.999999999999974021e-03 -5.120000000000000107e-01
-1.999999999999974021e-03 -5.110000000000000098e-01
-1.999999999999974021e-03 -5.100000000000000089e-01
-1.999999999999974021e-03 -5.090000000000000080e-01
-1.999999999999974021e-03 -5.080000000000000071e-01
-1.999999999999974021e-03 -5.070000000000000062e-01
-1.999999999999974021e-03 -5.060000000000000053e-01
-1.999999999999974021e-03 -5.050000000000000044e-01
-1.999999999999974021e-03 -5.040000000000000036e-01
-1.999999999999974021e-03 -5.030000000000000027e-01
-1.999999999999974021e-03 -5.020000000000000018e-01
-1.999999999999974021e-03 -5.010000000000001119e-01
-1.999999999999974021e-03 -5.000000000000000000e-01
-1.999999999999974021e-03 -4.990000000000000546e-01
-1.999999999999974021e-03 -4.980000000000000537e-01
-1.999999999999974021e-03 -4.970000000000000528e-01
-1.999999999999974021e-03 -4.960000000000000520e-01
-1.999999999999974021e-03 -4.950000000000000511e-01
-1.999999999999974021e-03 -4.940000000000000502e-01
-1.999999999999974021e-03 -4.930000000000000493e-01
-1.999999999999974021e-03 -4.920000000000000484e-01
-1.999999999999974021e-03 -4.910000000000000475e-01
-1.999999999999974021e-03 -4.900000000000000466e-01
-1.999999999999974021e-03 -4.890000000000000457e-01
-1.999999999999974021e-03 -4.880000000000000449e-01
-9.999999999999731326e-04 -5.120000000000000107e-01
-9.999999999999731326e-04 -5.110000000000000098e-01
-9.999999999999731326e-04 -5.100000000000000089e-01
-9.999999999999731326e-04 -5.090000000000000080e-01
-9.999999999999731326e-04 -5.080000000000000071e-01
-9.999999999999731326e-04 -5.070000000000000062e-01
-9.999999999999731326e-04 -5.060000000000000053e-01
-9.999999999999731326e-04 -5.050000000000000044e-01
-9.999999999999731326e-04 -5.040000000000000036e-01
-9.999999999999731326e-04 -5.030000000000000027e-01
-9.999999999999731326e-04 -5.020000000000000018e-01
-9.999999999999731326e-04 -5.010000000000001119e-01
-9.999999999999731326e-04 -5.000000000000000000e-01
-9.999999999999731326e-04 -4.990000000000000546e-01
-9.999999999999731326e-04 -4.980000000000000537e-01
-9.999999999999731326e-04 -4.970000000000000528e-01
-9.999999999999731326e-04 -4.960000000000000520e-01
-9.999999999999731326e-04 -4.950000000000000511e-01
-9.999999999999731326e-04 -4.940000000000000502e-01
-9.999999999999731326e-04 -4.930000000000000493e-01
-9.999999999999731326e-04 -4.920000000000000484e-01
-9.999999999999731326e-04 -4.910000000000000475e-01
-9.999999999999731326e-04 -4.900000000000000466e-01
-9.999999999999731326e-04 -4.890000000000000457e-01
-9.999999999999731326e-04 -4.880000000000000449e-01
2.775557561562891351e-17 -5.120000000000000107e-01
2.775557561562891351e-17 -5.110000000000000098e-01
2.775557561562891351e-17 -5.100000000000000089e-01
2.775557561562891351e-17 -5.090000000000000080e-01
2.775557561562891351e-17 -5.080000000000000071e-01
2.775557561562891351e-17 -5.070000000000000062e-01
2.775557561562891351e-17 -5.060000000000000053e-01
2.775557561562891351e-17 -5.050000000000000044e-01
2.775557561562891351e-17 -5.040000000000000036e-01
2.775557561562891351e-17 -5.030000000000000027e-01
2.775557561562891351e-17 -5.020000000000000018e-01
2.775557561562891351e-17 -5.010000000000001119e-01
2.775557561562891351e-17 -5.000000000000000000e-01
2.775557561562891351e-17 -4.990000000000000546e-01
2.775557561562891351e-17 -4.980000000000000537e-01
2.775557561562891351e-17 -4.970000000000000528e-01
2.775557561562891351e-17 -4.960000000000000520e-01
2.775557561562891351e-17 -4.950000000000000511e-01
2.775557561562891351e-17 -4.940000000000000502e-01
2.775557561562891351e-17 -4.930000000000000493e-01
2.775557561562891351e-17 -4.920000000000000484e-01
2.775557561562891351e-17 -4.910000000000000475e-01
2.775557561562891351e-17 -4.900000000000000466e-01
2.775557561562891351e-17 -4.890000000000000457e-01
2.775557561562891351e-17 -4.880000000000000449e-01
1.000000000000028644e-03 -5.130000000000000115e-01
1.000000000000028644e-03 -5.120000000000000107e-01
1.000000000000028644e-03 -5.110000000000000098e-01
1.000000000000028644e-03 -5.100000000000000089e-01
1.000000000000028644e-03 -5.090000000000000080e-01
1.000000000000028644e-03 -5.080000000000000071e-01
1.000000000000028644e-03 -5.070000000000000062e-01
1.000000000000028644e-03 -5.060000000000000053e-01
1.000000000000028644e-03 -5.050000000000000044e-01
1.000000000000028644e-03 -5.040000000000000036e-01
1.000000000000028644e-03 -5.030000000000000027e-01
1.000000000000028644e-03 -5.020000000000000018e-01
1.000000000000028644e-03 -5.010000000000001119e-01
1.000000000000028644e-03 -5.000000000000000000e-01
1.000000000000028644e-03 -4.990000000000000546e-01
1.000000000000028644e-03 -4.980000000000000537e-01
1.000000000000028644e-03 -4.970000000000000528e-01
1.000000000000028644e-03 -4.960000000000000520e-01
1.000000000000028644e-03 -4.950000000000000511e-01
1.000000000000028644e-03 -4.940000000000000502e-01
1.000000000000028644e-03 -4.930000000000000493e-01
1.000000000000028644e-03 -4.920000000000000484e-01
1.000000000000028644e-03 -4.910000000000000475e-01
1.000000000000028644e-03 -4.900000000000000466e-01
1.000000000000028644e-03 -4.890000000000000457e-01
1.000000000000028644e-03 -4.880000000000000449e-01
2.000000000000029532e-03 -5.150000000000000133e-01
2.000000000000029532e-03 -5.140000000000000124e-01
2.000000000000029532e-03 -5.130000000000000115e-01
2.000000000000029532e-03 -5.120000000000000107e-01
2.000000000000029532e-03 -5.110000000000000098e-01
2.000000000000029532e-03 -5.100000000000000089e-01
2.000000000000029532e-03 -5.090000000000000080e-01
2.000000000000029532e-03 -5.080000000000000071e-01
2.000000000000029532e-03 -5.070000000000000062e-01
2.000000000000029532e-03 -5.060000000000000053e-01
2.000000000000029532e-03 -5.050000000000000044e-01
2.000000000000029532e-03 -5.040000000000000036e-01
2.000000000000029532e-03 -5.030000000000000027e-01
2.000000000000029532e-03 -5.020000000000000018e-01
2.000000000000029532e-03 -5.010000000000001119e-01
2.000000000000029532e-03 -5.000000000000000000e-01
2.000000000000029532e-03 -4.990000000000000546e-01
2.000000000000029532e-03 -4.980000000000000537e-01
2.000000000000029532e-03 -4.970000000000000528e-01
2.000000000000029532e-03 -4.960000000000000520e-01
2.000000000000029532e-03 -4.950000000000000511e-01
2.000000000000029532e-03 -4.940000000000000502e-01
2.000000000000029532e-03 -4.930000000000000493e-01
2.000000000000029532e-03 -4.920000000000000484e-01
2.000000000000029532e-03 -4.910000000000000475e-01
2.000000000000029532e-03 -4.900000000000000466e-01
2.000000000000029532e-03 -4.890000000000000457e-01
2.000000000000029532e-03 -4.880000000000000449e-01
3.000000000000030420e-03 -5.160000000000000142e-01
3.000000000000030420e-03 -5.150000000000000133e-01
3.000000000000030420e-03 -5.140000000000000124e-01
3.000000000000030420e-03 -5.130000000000000115e-01
3.000000000000030420e-03 -5.120000000000000107e-01
3.000000000000030420e-03 -5.110000000000000098e-01
3.000000000000030420e-03 -5.100000000000000089e-01
3.000000000000030420e-03 -5.090000000000000080e-01
3.000000000000030420e-03 -5.080000000000000071e-01
3.000000000000030420e-03 -5.070000000000000062e-01
3.000000000000030420e-03 -5.060000000000000053e-01
3.000000000000030420e-03 -5.050000000000000044e-01
3.000000000000030420e-03 -5.040000000000000036e-01
3.000000000000030420e-03 -5.030000000000000027e-01
3.000000000000030420e-03 -5.020000000000000018e-01
3.000000000000030420e-03 -5.010000000000001119e-01
3.000000000000030420e-03 -5.000000000000000000e-01
3.000000000000030420e-03 -4.990000000000000546e-01
3.000000000000030420e-03 -4.980000000000000537e-01
3.000000000000030420e-03 -4.970000000000000528e-01
3.000000000000030420e-03 -4.960000000000000520e-01
3.000000000000030420e-03 -4.950000000000000511e-01
3.000000000000030420e-03 -4.940000000000000502e-01
3.000000000000030420e-03 -4.930000000000000493e-01
3.000000000000030420e-03 -4.920000000000000484e-01
3.000000000000030420e-03 -4.910000000000000475e-01
3.000000000000030420e-03 -4.900000000000000466e-01
3.000000000000030420e-03 -4.890000000000000457e-01
3.000000000000030420e-03 -4.880000000000000449e-01
3.000000000000030420e-03 -4.870000000000000440e-01
3.000000000000030420e-03 -4.860000000000000431e-01
3.000000000000030420e-03 -4.850000000000000422e-01
4.000000000000031308e-03 -5.180000000000000160e-01
4.000000000000031308e-03 -5.170000000000000151e-01
4.000000000000031308e-03 -5.160000000000000142e-01
4.000000000000031308e-03 -5.150000000000000133e-01
4.000000000000031308e-03 -5.140000000000000124e-01
4.000000000000031308e-03 -5.130000000000000115e-01
4.000000000000031308e-03 -5.120000000000000107e-01
4.000000000000031308e-03 -5.110000000000000098e-01
4.000000000000031308e-03 -5.100000000000000089e-01
4.000000000000031308e-03 -5.090000000000000080e-01
4.000000000000031308e-03 -5.080000000000000071e-01
4.000000000000031308e-03 -5.070000000000000062e-01
4.000000000000031308e-03 -5.060000000000000053e-01
4.000000000000031308e-03 -5.050000000000000044e-01
4.000000000000031308e-03 -5.040000000000000036e-01
4.000000000000031308e-03 -5.030000000000000027e-01
4.000000000000031308e-03 -5.020000000000000018e-01
4.000000000000031308e-03 -5.010000000000001119e-01
4.000000000000031308e-03 -5.000000000000000000e-01
4.000000000000031308e-03 -4.990000000000000546e-01
4.000000000000031308e-03 -4.980000000000000537e-01
4.000000000000031308e-03 -4.970000000000000528e-01
4.000000000000031308e-03 -4.960000000000000520e-01
4.000000000000031308e-03 -4.950000000000000511e-01
4.000000000000031308e-03 -4.940000000000000502e-01
4.000000000000031308e-03 -4.930000000000000493e-01
4.000000000000031308e-03 -4.920000000000000484e-01
4.000000000000031308e-03 -4.910000000000000475e-01
4.000000000000031308e-03 -4.900000000000000466e-01
4.000000000000031308e-03 -4.890000000000000457e-01
4.000000000000031308e-03 -4.880000000000000449e-01
4.000000000000031308e-03 -4.870000000000000440e-01
4.000000000000031308e-03 -4.860000000000000431e-01
4.000000000000031308e-03 -4.850000000000000422e-01
5.000000000000004441e-03 -5.200000000000000178e-01
5.000000000000004441e-03 -5.190000000000000169e-01
5.000000000000004441e-03 -5.180000000000000160e-01
5.000000000000004441e-03 -5.170000000000000151e-01
5.000000000000004441e-03 -5.160000000000000142e-01
5.000000000000004441e-03 -5.150000000000000133e-01
5.000000000000004441e-03 -5.140000000000000124e-01
5.000000000000004441e-03 -5.130000000000000115e-01
5.000000000000004441e-03 -5.120000000000000107e-01
5.000000000000004441e-03 -5.110000000000000098e-01
5.000000000000004441e-03 -5.100000000000000089e-01
5.000000000000004441e-03 -5.090000000000000080e-01
5.000000000000004441e-03 -5.080000000000000071e-01
5.000000000000004441e-03 -5.070000000000000062e-01
5.000000000000004441e-03 -5.060000000000000053e-01
5.000000000000004441e-03 -5.050000000000000044e-01
5.000000000000004441e-03 -5.040000000000000036e-01
5.000000000000004441e-03 -5.030000000000000027e-01
5.000000000000004441e-03 -5.020000000000000018e-01
5.000000000000004441e-03 -5.010000000000001119e-01
5.000000000000004441e-03 -5.000000000000000000e-01
5.000000000000004441e-03 -4.990000000000000546e-01
5.000000000000004441e-03 -4.980000000000000537e-01
5.000000000000004441e-03 -4.970000000000000528e-01
5.000000000000004441e-03 -4.960000000000000520e-01
5.000000000000004441e-03 -4.950000000000000511e-01
5.000000000000004441e-03 -4.940000000000000502e-01
5.000000000000004441e-03 -4.930000000000000493e-01
5.000000000000004441e-03 -4.920000000000000484e-01
5.000000000000004441e-03 -4.910000000000000475e-01
5.000000000000004441e-03 -4.900000000000000466e-01
5.000000000000004441e-03 -4.890000000000000457e-01
5.000000000000004441e-03 -4.880000000000000449e-01
5.000000000000004441e-03 -4.870000000000000440e-01
5.000000000000004441e-03 -4.860000000000000431e-01
5.000000000000004441e-03 -4.850000000000000422e-01
5.000000000000004441e-03 -4.840000000000000413e-01
5.000000000000004441e-03 -4.830000000000000404e-01
5.000000000000004441e-03 -4.820000000000000395e-01
6.000000000000005329e-03 -5.210000000000000187e-01
6.000000000000005329e-03 -5.200000000000000178e-01
6.000000000000005329e-03 -5.190000000000000169e-01
6.000000000000005329e-03 -5.180000000000000160e-01
6.000000000000005329e-03 -5.170000000000000151e-01
6.000000000000005329e-03 -5.160000000000000142e-01
6.000000000000005329e-03 -5.150000000000000133e-01
6.000000000000005329e-03 -5.140000000000000124e-01
6.000000000000005329e-03 -5.130000000000000115e-01
6.000000000000005329e-03 -5.120000000000000107e-01
6.000000000000005329e-03 -5.110000000000000098e-01
6.000000000000005329e-03 -5.100000000000000089e-01
6.000000000000005329e-03 -5.090000000000000080e-01
6.000000000000005329e-03 -5.080000000000000071e-01
6.000000000000005329e-03 -5.070000000000000062e-01
6.000000000000005329e-03 -5.060000000000000053e-01
6.000000000000005329e-03 -5.050000000000000044e-01
6.000000000000005329e-03 -5.040000000000000036e-01
6.000000000000005329e-03 -5.030000000000000027e-01
6.000000000000005329e-03 -5.020000000000000018e-01
6.000000000000005329e-03 -5.010000000000001119e-01
6.000000000000005329e-03 -5.000000000000000000e-01
6.000000000000005329e-03 -4.990000000000000546e-01
6.000000000000005329e-03 -4.980000000000000537e-01
6.000000000000005329e-03 -4.970000000000000528e-01
6.000000000000005329e-03 -4.960000000000000520e-01
6.000000000000005329e-03 -4.950000000000000511e-01
6.000000000000005329e-03 -4.940000000000000502e-01
6.000000000000005329e-03 -4.930000000000000493e-01
6.000000000000005329e-03 -4.920000000000000484e-01
6.000000000000005329e-03 -4.910000000000000475e-01
6.000000000000005329e-03 -4.900000000000000466e-01
6.000000000000005329e-03 -4.890000000000000457e-01
6.000000000000005329e-03 -4.880000000000000449e-01
6.000000000000005329e-03 -4.870000000000000440e-01
6.000000000000005329e-03 -4.860000000000000431e-01
6.000000000000005329e-03 -4.850000000000000422e-01
6.000000000000005329e-03 -4.840000000000000413e-01
6.000000000000005329e-03 -4.830000000000000404e-01
6.000000000000005329e-03 -4.820000000000000395e-01
6.000000000000005329e-03 -4.810000000000000386e-01
7.000000000000006217e-03 -5.220000000000000195e-01
7.000000000000006217e-03 -5.210000000000000187e-01
7.000000000000006217e-03 -5.200000000000000178e-01
7.000000000000006217e-03 -5.190000000000000169e-01
7.000000000000006217e-03 -5.180000000000000160e-01
7.000000000000006217e-03 -5.170000000000000151e-01
7.000000000000006217e-03 -5.160000000000000142e-01
7.000000000000006217e-03 -5.150000000000000133e-01
7.000000000000006217e-03 -5.140000000000000124e-01
7.000000000000006217e-03 -5.130000000000000115e-01
7.000000000000006217e-03 -5.120000000000000107e-01
7.000000000000006217e-03 -5.110000000000000098e-01
7.000000000000006217e-03 -5.100000000000000089e-01
7.000000000000006217e-03 -5.090000000000000080e-01
7.000000000000006217e-03 -5.080000000000000071e-01
7.000000000000006217e-03 -5.070000000000000062e-01
7.000000000000006217e-03 -5.060000000000000053e-01
7.000000000000006217e-03 -5.050000000000000044e-01
7.000000000000006217e-03 -5.040000000000000036e-01
7.000000000000006217e-03 -5.030000000000000027e-01
7.000000000000006217e-03 -5.020000000000000018e-01
7.000000000000006217e-03 -5.010000000000001119e-01
7.000000000000006217e-03 -5.000000000000000000e-01
7.000000000000006217e-03 -4.990000000000000546e-01
7.000000000000006217e-03 -4.980000000000000537e-01
7.000000000000006217e-03 -4.970000000000000528e-01
7.000000000000006217e-03 -4.960000000000000520e-01
7.000000000000006217e-03 -4.950000000000000511e-01
7.000000000000006217e-03 -4.940000000000000502e-01
7.000000000000006217e-03 -4.930000000000000493e-01
7.000000000000006217e-03 -4.920000000000000484e-01
7.000000000000006217e-03 -4.910000000000000475e-01
7.000000000000006217e-03 -4.900000000000000466e-01
7.000000000000006217e-03 -4.890000000000000457e-01
7.000000000000006217e-03 -4.880000000000000449e-01
7.000000000000006217e-03 -4.870000000000000440e-01
7.000000000000006217e-03 -4.860000000000000431e-01
7.000000000000006217e-03 -4.850000000000000422e-01
7.000000000000006217e-03 -4.840000000000000413e-01
7.000000000000006217e-03 -4.830000000000000404e-01
7.000000000000006217e-03 -4.820000000000000395e-01
7.000000000000006217e-03 -4.810000000000000386e-01
7.000000000000006217e-03 -4.800000000000000377e-01
8.000000000000007105e-03 -5.230000000000000204e-01
8.000000000000007105e-03 -5.220000000000000195e-01
8.000000000000007105e-03 -5.210000000000000187e-01
8.000000000000007105e-03 -5.200000000000000178e-01
8.000000000000007105e-03 -5.190000000000000169e-01
8.000000000000007105e-03 -5.180000000000000160e-01
8.000000000000007105e-03 -5.170000000000000151e-01
8.000000000000007105e-03 -5.160000000000000142e-01
8.000000000000007105e-03 -5.150000000000000133e-01
8.000000000000007105e-03 -5.140000000000000124e-01
8.000000000000007105e-03 -5.130000000000000115e-01
8.000000000000007105e-03 -5.120000000000000107e-01
8.000000000000007105e-03 -5.110000000000000098e-01
8.000000000000007105e-03 -5.100000000000000089e-01
8.000000000000007105e-03 -5.090000000000000080e-01
8.000000000000007105e-03 -5.080000000000000071e-01
8.000000000000007105e-03 -5.070000000000000062e-01
8.000000000000007105e-03 -5.060000000000000053e-01
8.000000000000007105e-03 -5.050000000000000044e-01
8.000000000000007105e-03 -5.040000000000000036e-01
8.000000000000007105e-03 -5.030000000000000027e-01
8.000000000000007105e-03 -5.020000000000000018e-01
8.000000000000007105e-03 -4.980000000000000537e-01
8.000000000000007105e-03 -4.970000000000000528e-01
8.000000000000007105e-03 -4.960000000000000520e-01
8.000000000000007105e-03 -4.950000000000000511e-01
8.000000000000007105e-03 -4.940000000000000502e-01
8.000000000000007105e-03 -4.930000000000000493e-01
8.000000000000007105e-03 -4.920000000000000484e-01
8.000000000000007105e-03 -4.910000000000000475e-01
8.000000000000007105e-03 -4.900000000000000466e-01
8.000000000000007105e-03 -4.890000000000000457e-01
8.000000000000007105e-03 -4.880000000000000449e-01
8.000000000000007105e-03 -4.870000000000000440e-01
8.000000000000007105e-03 -4.860000000000000431e-01
8.000000000000007105e-03 -4.850000000000000422e-01
8.000000000000007105e-03 -4.840000000000000413e-01
8.000000000000007105e-03 -4.830000000000000404e-01
8.000000000000007105e-03 -4.820000000000000395e-01
8.000000000000007105e-03 -4.810000000000000386e-01
8.000000000000007105e-03 -4.800000000000000377e-01
9.000000000000007994e-03 -5.230000000000000204e-01
9.000000000000007994e-03 -5.220000000000000195e-01
9.000000000000007994e-03 -5.210000000000000187e-01
9.000000000000007994e-03 -5.200000000000000178e-01
9.000000000000007994e-03 -5.190000000000000169e-01
9.000000000000007994e-03 -5.180000000000000160e-01
9.000000000000007994e-03 -5.170000000000000151e-01
9.000000000000007994e-03 -5.160000000000000142e-01
9.000000000000007994e-03 -5.150000000000000133e-01
9.000000000000007994e-03 -5.140000000000000124e-01
9.000000000000007994e-03 -5.130000000000000115e-01
9.000000000000007994e-03 -5.120000000000000107e-01
9.000000000000007994e-03 -5.110000000000000098e-01
9.000000000000007994e-03 -5.100000000000000089e-01
9.000000000000007994e-03 -5.090000000000000080e-01
9.000000000000007994e-03 -5.080000000000000071e-01
9.000000000000007994e-03 -5.070000000000000062e-01
9.000000000000007994e-03 -5.060000000000000053e-01
9.000000000000007994e-03 -5.050000000000000044e-01
9.000000000000007994e-03 -4.970000000000000528e-01
9.000000000000007994e-03 -4.960000000000000520e-01
9.000000000000007994e-03 -4.950000000000000511e-01
9.000000000000007994e-03 -4.940000000000000502e-01
9.000000000000007994e-03 -4.930000000000000493e-01
9.000000000000007994e-03 -4.920000000000000484e-01
9.000000000000007994e-03 -4.910000000000000475e-01
9.000000000000007994e-03 -4.900000000000000466e-01
9.000000000000007994e-03 -4.890000000000000457e-01
9.000000000000007994e-03 -4.880000000000000449e-01
9.000000000000007994e-03 -4.870000000000000440e-01
9.000000000000007994e-03 -4.860000000000000431e-01
9.000000000000007994e-03 -4.850000000000000422e-01
9.000000000000007994e-03 -4.840000000000000413e-01
9.000000000000007994e-03 -4.830000000000000404e-01
9.000000000000007994e-03 -4.820000000000000395e-01
9.000000000000007994e-03 -4.810000000000000386e-01
9.000000000000007994e-03 -4.800000000000000377e-01
1.000000000000000888e-02 -5.230000000000000204e-01
1.000000000000000888e-02 -5.220000000000000195e-01
1.000000000000000888e-02 -5.210000000000000187e-01
1.000000000000000888e-02 -5.200000000000000178e-01
1.000000000000000888e-02 -5.190000000000000169e-01
1.000000000000000888e-02 -5.180000000000000160e-01
1.000000000000000888e-02 -5.170000000000000151e-01
1.000000000000000888e-02 -5.160000000000000142e-01
1.000000000000000888e-02 -5.150000000000000133e-01
1.000000000000000888e-02 -5.140000000000000124e-01
1.000000000000000888e-02 -5.130000000000000115e-01
1.000000000000000888e-02 -5.120000000000000107e-01
1.000000000000000888e-02 -5.110000000000000098e-01
1.000000000000000888e-02 -5.100000000000000089e-01
1.000000000000000888e-02 -5.090000000000000080e-01
1.000000000000000888e-02 -5.080000000000000071e-01
1.000000000000000888e-02 -5.070000000000000062e-01
1.000000000000000888e-02 -5.060000000000000053e-01
1.000000000000000888e-02 -4.950000000000000511e-01
1.000000000000000888e-02 -4.940000000000000502e-01
1.000000000000000888e-02 -4.930000000000000493e-01
1.000000000000000888e-02 -4.920000000000000484e-01
1.000000000000000888e-02 -4.910000000000000475e-01
1.000000000000000888e-02 -4.900000000000000466e-01
1.000000000000000888e-02 -4.890000000000000457e-01
1.000000000000000888e-02 -4.880000000000000449e-01
1.000000000000000888e-02 -4.870000000000000440e-01
1.000000000000000888e-02 -4.860000000000000431e-01
1.000000000000000888e-02 -4.850000000000000422e-01
1.000000000000000888e-02 -4.840000000000000413e-01
1.000000000000000888e-02 -4.830000000000000404e-01
1.000000000000000888e-02 -4.820000000000000395e-01
1.000000000000000888e-02 -4.810000000000000386e-01
1.000000000000000888e-02 -4.800000000000000377e-01
1.100000000000000977e-02 -5.230000000000000204e-01
1.100000000000000977e-02 -5.220000000000000195e-01
1.100000000000000977e-02 -5.210000000000000187e-01
1.100000000000000977e-02 -5.200000000000000178e-01
1.100000000000000977e-02 -5.190000000000000169e-01
1.100000000000000977e-02 -5.180000000000000160e-01
1.100000000000000977e-02 -5.170000000000000151e-01
1.100000000000000977e-02 -5.160000000000000142e-01
1.100000000000000977e-02 -5.150000000000000133e-01
1.100000000000000977e-02 -5.140000000000000124e-01
1.100000000000000977e-02 -5.130000000000000115e-01
1.100000000000000977e-02 -5.120000000000000107e-01
1.100000000000000977e-02 -5.110000000000000098e-01
1.100000000000000977e-02 -5.100000000000000089e-01
1.100000000000000977e-02 -5.090000000000000080e-01
1.100000000000000977e-02 -5.080000000000000071e-01
1.100000000000000977e-02 -4.940000000000000502e-01
1.100000000000000977e-02 -4.930000000000000493e-01
1.100000000000000977e-02 -4.920000000000000484e-01
1.100000000000000977e-02 -4.910000000000000475e-01
1.100000000000000977e-02 -4.900000000000000466e-01
1.100000000000000977e-02 -4.890000000000000457e-01
1.100000000000000977e-02 -4.880000000000000449e-01
1.100000000000000977e-02 -4.870000000000000440e-01
1.100000000000000977e-02 -4.860000000000000431e-01
1.100000000000000977e-02 -4.850000000000000422e-01
1.100000000000000977e-02 -4.840000000000000413e-01
1.100000000000000977e-02 -4.830000000000000404e-01
1.100000000000000977e-02 -4.820000000000000395e-01
1.100000000000000977e-02 -4.810000000000000386e-01
1.100000000000000977e-02 -4.800000000000000377e-01
1.200000000000001066e-02 -5.230000000000000204e-01
1.200000000000001066e-02 -5.220000000000000195e-01
1.200000000000001066e-02 -5.210000000000000187e-01
1.200000000000001066e-02 -5.200000000000000178e-01
1.200000000000001066e-02 -5.190000000000000169e-01
1.200000000000001066e-02 -5.180000000000000160e-01
1.200000000000001066e-02 -5.170000000000000151e-01
1.200000000000001066e-02 -5.160000000000000142e-01
1.200000000000001066e-02 -5.150000000000000133e-01
1.200000000000001066e-02 -5.140000000000000124e-01
1.200000000000001066e-02 -5.130000000000000115e-01
1.200000000000001066e-02 -5.120000000000000107e-01
1.200000000000001066e-02 -5.110000000000000098e-01
1.200000000000001066e-02 -5.100000000000000089e-01
1.200000000000001066e-02 -5.090000000000000080e-01
1.200000000000001066e-02 -4.920000000000000484e-01
1.200000000000001066e-02 -4.910000000000000475e-01
1.200000000000001066e-02 -4.900000000000000466e-01
1.200000000000001066e-02 -4.890000000000000457e-01
1.200000000000001066e-02 -4.880000000000000449e-01
1.200000000000001066e-02 -4.870000000000000440e-01
1.200000000000001066e-02 -4.860000000000000431e-01
1.200000000000001066e-02 -4.850000000000000422e-01
1.200000000000001066e-02 -4.840000000000000413e-01
1.200000000000001066e-02 -4.830000000000000404e-01
1.200000000000001066e-02 -4.820000000000000395e-01
1.200000000000001066e-02 -4.810000000000000386e-01
1.200000000000001066e-02 -4.800000000000000377e-01
1.300000000000001155e-02 -5.230000000000000204e-01
1.300000000000001155e-02 -5.220000000000000195e-01
1.300000000000001155e-02 -5.210000000000000187e-01
1.300000000000001155e-02 -5.200000000000000178e-01
1.300000000000001155e-02 -5.190000000000000169e-01
1.300000000000001155e-02 -5.180000000000000160e-01
1.300000000000001155e-02 -5.170000000000000151e-01
1.300000000000001155e-02 -5.160000000000000142e-01
1.300000000000001155e-02 -5.150000000000000133e-01
1.300000000000001155e-02 -5.140000000000000124e-01
1.300000000000001155e-02 -5.130000000000000115e-01
1.300000000000001155e-02 -5.120000000000000107e-01
1.300000000000001155e-02 -5.110000000000000098e-01
1.300000000000001155e-02 -4.900000000000000466e-01
1.300000000000001155e-02 -4.890000000000000457e-01
1.300000000000001155e-02 -4.880000000000000449e-01
1.300000000000001155e-02 -4.870000000000000440e-01
1.300000000000001155e-02 -4.860000000000000431e-01
1.300000000000001155e-02 -4.850000000000000422e-01
1.300000000000001155e-02 -4.840000000000000413e-01
1.300000000000001155e-02 -4.830000000000000404e-01
1.300000000000001155e-02 -4.820000000000000395e-01
1.300000000000001155e-02 -4.810000000000000386e-01
1.300000000000001155e-02 -4.800000000000000377e-01
1.400000000000001243e-02 -5.230000000000000204e-01
1.400000000000001243e-02 -5.220000000000000195e-01
1.400000000000001243e-02 -5.210000000000000187e-01
1.400000000000001243e-02 -5.200000000000000178e-01
1.400000000000001243e-02 -5.190000000000000169e-01
1.400000000000001243e-02 -5.180000000000000160e-01
1.400000000000001243e-02 -5.170000000000000151e-01
1.400000000000001243e-02 -5.160000000000000142e-01
1.400000000000001243e-02 -5.150000000000000133e-01
1.400000000000001243e-02 -5.140000000000000124e-01
1.400000000000001243e-02 -5.130000000000000115e-01
1.400000000000001243e-02 -4.890000000000000457e-01
1.400000000000001243e-02 -4.880000000000000449e-01
1.400000000000001243e-02 -4.870000000000000440e-01
1.400000000000001243e-02 -4.860000000000000431e-01
1.400000000000001243e-02 -4.850000000000000422e-01
1.400000000000001243e-02 -4.840000000000000413e-01
1.400000000000001243e-02 -4.830000000000000404e-01
1.400000000000001243e-02 -4.820000000000000395e-01
1.400000000000001243e-02 -4.810000000000000386e-01
1.400000000000001243e-02 -4.800000000000000377e-01
1.500000000000001332e-02 -5.230000000000000204e-01
1.500000000000001332e-02 -5.220000000000000195e-01
1.500000000000001332e-02 -5.210000000000000187e-01
1.500000000000001332e-02 -5.200000000000000178e-01
1.500000000000001332e-02 -5.190000000000000169e-01
1.500000000000001332e-02 -5.180000000000000160e-01
1.500000000000001332e-02 -5.170000000000000151e-01
1.500000000000001332e-02 -5.160000000000000142e-01
1.500000000000001332e-02 -5.150000000000000133e-01
1.500000000000001332e-02 -5.140000000000000124e-01
1.500000000000001332e-02 -5.130000000000000115e-01
1.500000000000001332e-02 -4.880000000000000449e-01
1.500000000000001332e-02 -4.870000000000000440e-01
1.500000000000001332e-02 -4.860000000000000431e-01
1.500000000000001332e-02 -4.850000000000000422e-01
1.500000000000001332e-02 -4.840000000000000413e-01
1.500000000000001332e-02 -4.830000000000000404e-01
1.500000000000001332e-02 -4.820000000000000395e-01
1.500000000000001332e-02 -4.810000000000000386e-01
1.600000000000001421e-02 -5.230000000000000204e-01
1.600000000000001421e-02 -5.220000000000000195e-01
1.600000000000001421e-02 -5.210000000000000187e-01
1.600000000000001421e-02 -5.200000000000000178e-01
1.600000000000001421e-02 -5.190000000000000169e-01
1.600000000000001421e-02 -5.180000000000000160e-01
1.600000000000001421e-02 -5.170000000000000151e-01
1.600000000000001421e-02 -5.160000000000000142e-01
1.600000000000001421e-02 -4.860000000000000431e-01
1.600000000000001421e-02 -4.850000000000000422e-01
1.600000000000001421e-02 -4.840000000000000413e-01
1.600000000000001421e-02 -4.830000000000000404e-01
1.600000000000001421e-02 -4.820000000000000395e-01
1.700000000000001510e-02 -5.220000000000000195e-01
1.700000000000001510e-02 -5.210000000000000187e-01
1.700000000000001510e-02 -5.200000000000000178e-01
1.700000000000001510e-02 -5.190000000000000169e-01
1.700000000000001510e-02 -5.180000000000000160e-01
1.700000000000001510e-02 -4.840000000000000413e-01
1.700000000000001510e-02 -4.830000000000000404e-01
1.700000000000001510e-02 -4.820000000000000395e-01
1.800000000000001599e-02 -5.220000000000000195e-01
1.800000000000001599e-02 -5.210000000000000187e-01
1.800000000000001599e-02 -5.200000000000000178e-01
